0 40 365 210
1 39 547 12
1 39 77 27
1 39 585 48
1 39 535 59
1 39 671 75
1 39 908 138
1 39 891 153
1 39 864 207
1 39 755 219
1 39 791 282
1 39 718 288
1 39 437 305
1 39 968 311
1 39 860 354
1 39 673 399
1 39 281 422
1 39 414 482
2 42 774 72
2 42 200 84
2 42 439 84
2 42 608 105
2 42 821 108
2 42 939 172
2 42 142 221
2 42 49 293
2 42 730 381
2 42 734 381
2 42 735 381
2 42 736 381
2 42 737 381
2 42 739 381
2 42 636 408
2 42 31 424
2 42 101 438
2 42 463 462
2 42 406 485
2 42 698 496
3 41 525 19
3 41 546 20
3 41 70 29
3 41 128 121
3 41 348 129
3 41 927 147
3 41 336 158
3 41 984 183
3 41 36 187
3 41 967 255
3 41 869 288
3 41 841 321
3 41 707 333
3 41 786 403
3 41 41 497
4 44 253 9
4 44 162 34
4 44 164 34
4 44 165 34
4 44 169 34
4 44 170 34
4 44 172 34
4 44 174 34
4 44 175 34
4 44 178 34
4 44 179 34
4 44 180 34
4 44 181 34
4 44 182 34
4 44 183 34
4 44 184 34
4 44 185 34
4 44 186 34
4 44 187 34
4 44 188 34
4 44 190 34
4 44 191 34
4 44 192 34
4 44 193 34
4 44 194 34
4 44 195 34
4 44 196 34
4 44 197 34
4 44 198 34
4 44 200 34
4 44 201 34
4 44 202 34
4 44 203 34
4 44 205 34
4 44 206 34
4 44 207 34
4 44 210 34
4 44 211 34
4 44 212 34
4 44 213 34
4 44 214 34
4 44 216 34
4 44 219 34
4 44 220 34
4 44 221 34
4 44 222 34
4 44 223 34
4 44 224 34
4 44 225 34
4 44 226 34
4 44 227 34
4 44 228 34
4 44 229 34
4 44 230 34
4 44 231 34
4 44 232 34
4 44 233 34
4 44 234 34
4 44 235 34
4 44 236 34
4 44 239 34
4 44 240 34
4 44 241 34
4 44 242 34
4 44 243 34
4 44 245 34
4 44 247 34
4 44 248 34
4 44 249 34
4 44 250 34
4 44 251 34
4 44 252 34
4 44 254 34
4 44 255 34
4 44 256 34
4 44 257 34
4 44 260 34
4 44 261 34
4 44 262 34
4 44 263 34
4 44 264 34
4 44 265 34
4 44 266 34
4 44 268 34
4 44 269 34
4 44 272 34
4 44 274 34
4 44 276 34
4 44 277 34
4 44 278 34
4 44 279 34
4 44 280 34
4 44 281 34
4 44 282 34
4 44 283 34
4 44 284 34
4 44 285 34
4 44 286 34
4 44 287 34
4 44 289 34
4 44 290 34
4 44 291 34
4 44 292 34
4 44 293 34
4 44 295 34
4 44 296 34
4 44 297 34
4 44 298 34
4 44 299 34
4 44 301 34
4 44 302 34
4 44 305 34
4 44 307 34
4 44 308 34
4 44 309 34
4 44 310 34
4 44 311 34
4 44 312 34
4 44 313 34
4 44 314 34
4 44 315 34
4 44 316 34
4 44 317 34
4 44 318 34
4 44 321 34
4 44 322 34
4 44 324 34
4 44 326 34
4 44 327 34
4 44 328 34
4 44 329 34
4 44 330 34
4 44 332 34
4 44 333 34
4 44 334 34
4 44 336 34
4 44 337 34
4 44 338 34
4 44 340 34
4 44 341 34
4 44 342 34
4 44 343 34
4 44 344 34
4 44 345 34
4 44 347 34
4 44 349 34
4 44 350 34
4 44 351 34
4 44 352 34
4 44 353 34
4 44 354 34
4 44 355 34
4 44 356 34
4 44 357 34
4 44 358 34
4 44 359 34
4 44 362 34
4 44 363 34
4 44 364 34
4 44 365 34
4 44 366 34
4 44 367 34
4 44 370 34
4 44 371 34
4 44 372 34
4 44 373 34
4 44 374 34
4 44 375 34
4 44 376 34
4 44 377 34
4 44 378 34
4 44 379 34
4 44 380 34
4 44 381 34
4 44 382 34
4 44 383 34
4 44 384 34
4 44 385 34
4 44 386 34
4 44 389 34
4 44 392 34
4 44 393 34
4 44 394 34
4 44 395 34
4 44 396 34
4 44 397 34
4 44 398 34
4 44 399 34
4 44 400 34
4 44 401 34
4 44 402 34
4 44 404 34
4 44 405 34
4 44 406 34
4 44 407 34
4 44 409 34
4 44 410 34
4 44 411 34
4 44 413 34
4 44 414 34
4 44 415 34
4 44 416 34
4 44 417 34
4 44 418 34
4 44 419 34
4 44 421 34
4 44 422 34
4 44 423 34
4 44 424 34
4 44 425 34
4 44 426 34
4 44 427 34
4 44 428 34
4 44 429 34
4 44 430 34
4 44 431 34
4 44 432 34
4 44 433 34
4 44 434 34
4 44 435 34
4 44 437 34
4 44 439 34
4 44 440 34
4 44 441 34
4 44 442 34
4 44 444 34
4 44 446 34
4 44 451 34
4 44 452 34
4 44 453 34
4 44 455 34
4 44 456 34
4 44 457 34
4 44 458 34
4 44 461 34
4 44 462 34
4 44 464 34
4 44 466 34
4 44 467 34
4 44 470 34
4 44 471 34
4 44 472 34
4 44 474 34
4 44 475 34
4 44 476 34
4 44 477 34
4 44 478 34
4 44 479 34
4 44 480 34
4 44 481 34
4 44 482 34
4 44 483 34
4 44 484 34
4 44 486 34
4 44 487 34
4 44 488 34
4 44 489 34
4 44 490 34
4 44 492 34
4 44 495 34
4 44 496 34
4 44 497 34
4 44 498 34
4 44 500 34
4 44 501 34
4 44 503 34
4 44 504 34
4 44 505 34
4 44 506 34
4 44 507 34
4 44 508 34
4 44 509 34
4 44 511 34
4 44 512 34
4 44 514 34
4 44 516 34
4 44 517 34
4 44 519 34
4 44 520 34
4 44 521 34
4 44 522 34
4 44 523 34
4 44 524 34
4 44 526 34
4 44 527 34
4 44 528 34
4 44 529 34
4 44 530 34
4 44 531 34
4 44 533 34
4 44 534 34
4 44 535 34
4 44 537 34
4 44 538 34
4 44 539 34
4 44 541 34
4 44 544 34
4 44 546 34
4 44 548 34
4 44 549 34
4 44 550 34
4 44 553 34
4 44 554 34
4 44 556 34
4 44 560 34
4 44 561 34
4 44 563 34
4 44 565 34
4 44 566 34
4 44 567 34
4 44 568 34
4 44 569 34
4 44 572 34
4 44 573 34
4 44 575 34
4 44 576 34
4 44 577 34
4 44 578 34
4 44 580 34
4 44 582 34
4 44 583 34
4 44 585 34
4 44 586 34
4 44 587 34
4 44 588 34
4 44 589 34
4 44 591 34
4 44 592 34
4 44 594 34
4 44 595 34
4 44 596 34
4 44 597 34
4 44 599 34
4 44 600 34
4 44 601 34
4 44 602 34
4 44 603 34
4 44 605 34
4 44 606 34
4 44 608 34
4 44 609 34
4 44 610 34
4 44 611 34
4 44 612 34
4 44 613 34
4 44 614 34
4 44 616 34
4 44 618 34
4 44 620 34
4 44 623 34
4 44 628 34
4 44 629 34
4 44 630 34
4 44 633 34
4 44 635 34
4 44 638 34
4 44 640 34
4 44 641 34
4 44 642 34
4 44 643 34
4 44 644 34
4 44 646 34
4 44 648 34
4 44 656 34
4 44 667 34
4 44 671 34
4 44 672 34
4 44 673 34
4 44 674 34
4 44 676 34
4 44 677 34
4 44 678 34
4 44 684 34
4 44 685 34
4 44 688 34
4 44 689 34
4 44 692 34
4 44 695 34
4 44 696 34
4 44 700 34
4 44 701 34
4 44 702 34
4 44 715 34
4 44 717 34
4 44 724 34
4 44 750 34
4 44 468 141
4 44 541 161
4 44 5 260
4 44 769 299
4 44 359 301
4 44 825 312
4 44 50 333
4 44 117 351
4 44 596 381
4 44 828 507
5 43 660 1
5 43 80 7
5 43 469 55
5 43 933 55
5 43 230 56
5 43 584 99
5 43 633 126
5 43 583 139
5 43 1000 174
5 43 545 229
5 43 858 240
5 43 859 240
5 43 858 241
5 43 859 241
5 43 858 244
5 43 859 244
5 43 858 245
5 43 859 245
5 43 858 248
5 43 859 248
5 43 858 249
5 43 859 249
5 43 858 252
5 43 859 252
5 43 858 253
5 43 859 253
5 43 338 259
5 43 757 276
5 43 516 338
5 43 803 338
5 43 38 390
5 43 703 414
5 43 704 415
5 43 249 449
5 43 32 480
5 43 65 482
6 46 870 36
6 46 817 67
6 46 504 73
6 46 135 111
6 46 384 125
6 46 941 157
6 46 126 210
6 46 127 210
6 46 126 211
6 46 127 211
6 46 126 212
6 46 127 212
6 46 126 213
6 46 127 213
6 46 126 214
6 46 127 214
6 46 126 215
6 46 127 215
6 46 126 216
6 46 127 216
6 46 126 217
6 46 127 217
6 46 126 218
6 46 127 218
6 46 126 219
6 46 127 219
6 46 126 220
6 46 127 220
6 46 126 221
6 46 127 221
6 46 126 222
6 46 127 222
6 46 126 223
6 46 127 223
6 46 126 224
6 46 126 228
6 46 127 240
6 46 126 241
6 46 127 241
6 46 126 242
6 46 127 242
6 46 299 242
6 46 126 243
6 46 127 243
6 46 126 245
6 46 127 245
6 46 442 245
6 46 126 246
6 46 127 246
6 46 126 247
6 46 127 247
6 46 126 248
6 46 127 248
6 46 126 249
6 46 127 249
6 46 126 250
6 46 127 250
6 46 126 251
6 46 127 251
6 46 126 252
6 46 127 252
6 46 126 253
6 46 127 253
6 46 126 254
6 46 127 254
6 46 126 255
6 46 127 255
6 46 126 272
6 46 127 272
6 46 126 273
6 46 127 273
6 46 126 274
6 46 127 274
6 46 126 275
6 46 127 275
6 46 126 276
6 46 127 276
6 46 126 277
6 46 127 277
6 46 126 278
6 46 127 278
6 46 126 279
6 46 127 279
6 46 126 280
6 46 127 280
6 46 126 281
6 46 127 281
6 46 126 282
6 46 127 282
6 46 126 283
6 46 127 283
6 46 126 284
6 46 127 284
6 46 126 285
6 46 127 285
6 46 126 286
6 46 127 286
6 46 126 287
6 46 127 287
6 46 353 299
6 46 126 304
6 46 127 304
6 46 126 305
6 46 127 305
6 46 126 306
6 46 127 306
6 46 126 307
6 46 127 307
6 46 126 308
6 46 127 308
6 46 126 309
6 46 127 309
6 46 126 310
6 46 127 310
6 46 126 311
6 46 127 311
6 46 126 312
6 46 127 312
6 46 126 313
6 46 127 313
6 46 1018 313
6 46 126 314
6 46 127 314
6 46 126 315
6 46 127 315
6 46 126 316
6 46 127 316
6 46 62 317
6 46 126 317
6 46 127 317
6 46 126 318
6 46 127 318
6 46 126 319
6 46 127 319
6 46 503 333
6 46 126 336
6 46 127 336
6 46 126 337
6 46 127 337
6 46 127 338
6 46 126 339
6 46 127 339
6 46 126 340
6 46 127 340
6 46 126 341
6 46 127 341
6 46 126 342
6 46 127 342
6 46 126 343
6 46 127 343
6 46 126 345
6 46 127 345
6 46 126 346
6 46 127 346
6 46 126 347
6 46 126 348
6 46 127 348
6 46 792 348
6 46 958 348
6 46 126 349
6 46 127 349
6 46 126 350
6 46 127 350
6 46 126 351
6 46 127 351
6 46 126 369
6 46 127 369
6 46 126 370
6 46 127 370
6 46 126 372
6 46 127 372
6 46 126 373
6 46 127 373
6 46 126 375
6 46 127 375
6 46 937 375
6 46 127 376
6 46 126 378
6 46 127 378
6 46 126 379
6 46 126 381
6 46 127 381
6 46 127 382
6 46 80 383
6 46 600 384
6 46 931 391
6 46 126 400
6 46 127 400
6 46 126 402
6 46 127 402
6 46 126 403
6 46 127 403
6 46 127 404
6 46 752 404
6 46 126 405
6 46 127 405
6 46 126 406
6 46 127 406
6 46 126 407
6 46 127 407
6 46 126 408
6 46 127 408
6 46 126 409
6 46 127 409
6 46 126 411
6 46 127 411
6 46 126 412
6 46 127 412
6 46 126 413
6 46 127 413
6 46 126 414
6 46 127 414
6 46 126 415
6 46 127 415
6 46 157 419
6 46 126 432
6 46 127 432
6 46 126 433
6 46 127 433
6 46 126 435
6 46 127 435
6 46 126 436
6 46 127 436
6 46 126 437
6 46 127 437
6 46 126 438
6 46 127 438
6 46 126 439
6 46 127 439
6 46 126 441
6 46 127 441
6 46 126 442
6 46 127 442
6 46 126 444
6 46 127 444
6 46 126 445
6 46 127 445
6 46 126 446
6 46 127 446
6 46 126 447
6 46 127 447
6 46 127 464
6 46 126 465
6 46 127 465
6 46 126 466
6 46 127 466
6 46 126 467
6 46 127 467
6 46 126 468
6 46 127 468
6 46 126 469
6 46 127 469
6 46 126 470
6 46 127 470
6 46 126 471
6 46 127 471
6 46 126 472
6 46 127 472
6 46 126 473
6 46 127 473
6 46 126 474
6 46 127 474
6 46 126 475
6 46 127 475
6 46 126 476
6 46 127 476
6 46 126 477
6 46 127 477
6 46 126 478
6 46 127 478
6 46 126 479
6 46 127 479
6 46 126 496
6 46 127 496
6 46 126 497
6 46 127 497
6 46 126 498
6 46 127 498
6 46 126 499
6 46 127 499
6 46 126 500
6 46 127 500
6 46 126 501
6 46 127 501
6 46 126 502
6 46 127 502
6 46 126 503
6 46 127 503
6 46 126 504
6 46 127 504
6 46 126 505
6 46 127 505
6 46 126 506
6 46 127 506
6 46 126 507
6 46 127 507
6 46 126 508
6 46 127 508
6 46 126 509
6 46 127 509
6 46 126 510
6 46 127 510
6 46 126 511
6 46 127 511
7 45 694 168
7 45 218 196
7 45 673 297
7 45 674 297
7 45 1 350
7 45 2 350
7 45 3 350
7 45 4 350
7 45 5 350
7 45 6 350
7 45 7 350
7 45 8 350
7 45 11 350
7 45 13 350
7 45 16 350
7 45 17 350
7 45 18 350
7 45 20 350
7 45 21 350
7 45 22 350
7 45 25 350
7 45 26 350
7 45 27 350
7 45 28 350
7 45 29 350
7 45 30 350
7 45 33 350
7 45 34 350
7 45 35 350
7 45 36 350
7 45 37 350
7 45 38 350
7 45 39 350
7 45 41 350
7 45 42 350
7 45 43 350
7 45 44 350
7 45 46 350
7 45 47 350
7 45 49 350
7 45 51 350
7 45 52 350
7 45 54 350
7 45 55 350
7 45 58 350
7 45 59 350
7 45 60 350
7 45 61 350
7 45 65 350
7 45 67 350
7 45 69 350
7 45 71 350
7 45 72 350
7 45 73 350
7 45 74 350
7 45 75 350
7 45 77 350
7 45 80 350
7 45 82 350
7 45 83 350
7 45 86 350
7 45 87 350
7 45 89 350
7 45 90 350
7 45 91 350
7 45 92 350
7 45 93 350
7 45 94 350
7 45 95 350
7 45 96 350
7 45 97 350
7 45 98 350
7 45 99 350
7 45 100 350
7 45 101 350
7 45 103 350
7 45 104 350
7 45 105 350
7 45 106 350
7 45 107 350
7 45 108 350
7 45 110 350
7 45 113 350
7 45 115 350
7 45 116 350
7 45 118 350
7 45 119 350
7 45 122 350
7 45 123 350
7 45 124 350
7 45 125 350
7 45 126 350
7 45 127 350
7 45 130 350
7 45 131 350
7 45 133 350
7 45 135 350
7 45 136 350
7 45 138 350
7 45 139 350
7 45 140 350
7 45 141 350
7 45 143 350
7 45 144 350
7 45 145 350
7 45 146 350
7 45 148 350
7 45 149 350
7 45 150 350
7 45 151 350
7 45 153 350
7 45 154 350
7 45 156 350
7 45 157 350
7 45 158 350
7 45 160 350
7 45 163 350
7 45 164 350
7 45 166 350
7 45 168 350
7 45 169 350
7 45 170 350
7 45 171 350
7 45 172 350
7 45 173 350
7 45 174 350
7 45 175 350
7 45 176 350
7 45 177 350
7 45 179 350
7 45 180 350
7 45 181 350
7 45 182 350
7 45 184 350
7 45 185 350
7 45 186 350
7 45 187 350
7 45 189 350
7 45 190 350
7 45 192 350
7 45 195 350
7 45 196 350
7 45 198 350
7 45 199 350
7 45 200 350
7 45 201 350
7 45 202 350
7 45 203 350
7 45 204 350
7 45 205 350
7 45 206 350
7 45 207 350
7 45 208 350
7 45 209 350
7 45 210 350
7 45 211 350
7 45 212 350
7 45 213 350
7 45 214 350
7 45 216 350
7 45 217 350
7 45 218 350
7 45 219 350
7 45 221 350
7 45 224 350
7 45 225 350
7 45 226 350
7 45 227 350
7 45 228 350
7 45 229 350
7 45 231 350
7 45 233 350
7 45 235 350
7 45 236 350
7 45 238 350
7 45 241 350
7 45 242 350
7 45 243 350
7 45 244 350
7 45 245 350
7 45 246 350
7 45 247 350
7 45 248 350
7 45 249 350
7 45 250 350
7 45 251 350
7 45 253 350
7 45 254 350
7 45 255 350
7 45 257 350
7 45 258 350
7 45 259 350
7 45 261 350
7 45 262 350
7 45 264 350
7 45 265 350
7 45 266 350
7 45 268 350
7 45 270 350
7 45 271 350
7 45 273 350
7 45 276 350
7 45 278 350
7 45 279 350
7 45 280 350
7 45 282 350
7 45 283 350
7 45 284 350
7 45 285 350
7 45 288 350
7 45 289 350
7 45 290 350
7 45 292 350
7 45 293 350
7 45 294 350
7 45 295 350
7 45 296 350
7 45 297 350
7 45 298 350
7 45 299 350
7 45 300 350
7 45 301 350
7 45 302 350
7 45 303 350
7 45 304 350
7 45 305 350
7 45 306 350
7 45 307 350
7 45 308 350
7 45 309 350
7 45 311 350
7 45 312 350
7 45 313 350
7 45 314 350
7 45 315 350
7 45 316 350
7 45 317 350
7 45 318 350
7 45 319 350
7 45 321 350
7 45 322 350
7 45 323 350
7 45 325 350
7 45 326 350
7 45 327 350
7 45 330 350
7 45 332 350
7 45 334 350
7 45 335 350
7 45 336 350
7 45 337 350
7 45 338 350
7 45 341 350
7 45 342 350
7 45 343 350
7 45 344 350
7 45 345 350
7 45 346 350
7 45 349 350
7 45 350 350
7 45 351 350
7 45 352 350
7 45 355 350
7 45 357 350
7 45 358 350
7 45 359 350
7 45 360 350
7 45 363 350
7 45 365 350
7 45 368 350
7 45 369 350
7 45 370 350
7 45 371 350
7 45 373 350
7 45 375 350
7 45 376 350
7 45 377 350
7 45 378 350
7 45 379 350
7 45 380 350
7 45 381 350
7 45 382 350
7 45 383 350
7 45 384 350
7 45 385 350
7 45 387 350
7 45 388 350
7 45 390 350
7 45 391 350
7 45 392 350
7 45 393 350
7 45 394 350
7 45 395 350
7 45 396 350
7 45 398 350
7 45 400 350
7 45 402 350
7 45 403 350
7 45 404 350
7 45 406 350
7 45 407 350
7 45 408 350
7 45 410 350
7 45 413 350
7 45 414 350
7 45 415 350
7 45 416 350
7 45 417 350
7 45 418 350
7 45 420 350
7 45 421 350
7 45 423 350
7 45 424 350
7 45 425 350
7 45 426 350
7 45 427 350
7 45 428 350
7 45 431 350
7 45 433 350
7 45 434 350
7 45 435 350
7 45 436 350
7 45 437 350
7 45 438 350
7 45 439 350
7 45 440 350
7 45 442 350
7 45 443 350
7 45 444 350
7 45 446 350
7 45 448 350
7 45 449 350
7 45 450 350
7 45 451 350
7 45 452 350
7 45 453 350
7 45 454 350
7 45 456 350
7 45 458 350
7 45 459 350
7 45 460 350
7 45 461 350
7 45 462 350
7 45 463 350
7 45 465 350
7 45 466 350
7 45 467 350
7 45 468 350
7 45 470 350
7 45 471 350
7 45 472 350
7 45 474 350
7 45 476 350
7 45 478 350
7 45 479 350
7 45 480 350
7 45 481 350
7 45 482 350
7 45 484 350
7 45 486 350
7 45 487 350
7 45 488 350
7 45 489 350
7 45 490 350
7 45 491 350
7 45 492 350
7 45 493 350
7 45 494 350
7 45 495 350
7 45 496 350
7 45 498 350
7 45 500 350
7 45 501 350
7 45 502 350
7 45 503 350
7 45 504 350
7 45 506 350
7 45 507 350
7 45 508 350
7 45 509 350
7 45 510 350
7 45 517 350
7 45 518 350
7 45 519 350
7 45 521 350
7 45 522 350
7 45 523 350
7 45 524 350
7 45 525 350
7 45 526 350
7 45 527 350
7 45 898 442
8 48 600 1
8 48 601 1
8 48 600 3
8 48 601 3
8 48 600 5
8 48 601 5
8 48 600 7
8 48 601 7
8 48 962 7
8 48 600 9
8 48 601 9
8 48 600 11
8 48 601 11
8 48 600 13
8 48 601 13
8 48 600 15
8 48 601 15
8 48 600 17
8 48 601 17
8 48 600 19
8 48 601 19
8 48 600 21
8 48 601 21
8 48 600 23
8 48 601 23
8 48 600 25
8 48 601 25
8 48 600 27
8 48 601 27
8 48 600 29
8 48 601 29
8 48 600 31
8 48 601 31
8 48 600 33
8 48 601 33
8 48 600 35
8 48 601 35
8 48 600 37
8 48 601 37
8 48 600 39
8 48 601 39
8 48 600 41
8 48 601 41
8 48 600 43
8 48 601 43
8 48 600 45
8 48 601 45
8 48 600 47
8 48 601 47
8 48 600 49
8 48 601 49
8 48 600 51
8 48 601 51
8 48 600 53
8 48 601 53
8 48 600 55
8 48 601 55
8 48 600 57
8 48 601 57
8 48 600 59
8 48 601 59
8 48 600 61
8 48 601 61
8 48 600 63
8 48 601 63
8 48 600 65
8 48 601 65
8 48 600 67
8 48 601 67
8 48 600 69
8 48 601 69
8 48 600 71
8 48 601 71
8 48 600 73
8 48 601 73
8 48 600 75
8 48 601 75
8 48 600 77
8 48 601 77
8 48 600 79
8 48 601 79
8 48 600 81
8 48 601 81
8 48 600 83
8 48 601 83
8 48 600 85
8 48 601 85
8 48 600 87
8 48 601 87
8 48 600 89
8 48 601 89
8 48 600 91
8 48 601 91
8 48 600 93
8 48 601 93
8 48 600 95
8 48 601 95
8 48 600 97
8 48 601 97
8 48 600 99
8 48 601 99
8 48 600 101
8 48 601 101
8 48 600 103
8 48 601 103
8 48 600 105
8 48 601 105
8 48 600 107
8 48 601 107
8 48 600 109
8 48 601 109
8 48 600 111
8 48 601 111
8 48 600 113
8 48 601 113
8 48 600 115
8 48 601 115
8 48 600 117
8 48 601 117
8 48 600 119
8 48 601 119
8 48 600 121
8 48 601 121
8 48 600 123
8 48 601 123
8 48 600 125
8 48 601 125
8 48 600 127
8 48 601 127
8 48 600 129
8 48 601 129
8 48 600 131
8 48 601 131
8 48 600 133
8 48 601 133
8 48 600 135
8 48 601 135
8 48 600 137
8 48 601 137
8 48 600 139
8 48 601 139
8 48 600 141
8 48 601 141
8 48 600 143
8 48 601 143
8 48 600 145
8 48 601 145
8 48 600 147
8 48 601 147
8 48 600 149
8 48 601 149
8 48 600 151
8 48 601 151
8 48 600 153
8 48 601 153
8 48 600 155
8 48 601 155
8 48 600 157
8 48 601 157
8 48 600 159
8 48 601 159
8 48 600 161
8 48 601 161
8 48 600 163
8 48 601 163
8 48 600 165
8 48 601 165
8 48 600 167
8 48 601 167
8 48 600 169
8 48 601 169
8 48 600 171
8 48 601 171
8 48 600 173
8 48 601 173
8 48 600 175
8 48 601 175
8 48 600 177
8 48 601 177
8 48 600 179
8 48 601 179
8 48 600 181
8 48 601 181
8 48 600 183
8 48 601 183
8 48 600 185
8 48 601 185
8 48 600 187
8 48 601 187
8 48 600 189
8 48 601 189
8 48 600 191
8 48 601 191
8 48 600 193
8 48 601 193
8 48 600 195
8 48 601 195
8 48 600 197
8 48 601 197
8 48 600 199
8 48 601 199
8 48 600 201
8 48 601 201
8 48 600 203
8 48 601 203
8 48 600 205
8 48 601 205
8 48 600 207
8 48 601 207
8 48 600 209
8 48 601 209
8 48 600 211
8 48 601 211
8 48 600 213
8 48 601 213
8 48 600 215
8 48 601 215
8 48 600 217
8 48 601 217
8 48 600 219
8 48 601 219
8 48 600 221
8 48 601 221
8 48 600 223
8 48 601 223
8 48 600 225
8 48 601 225
8 48 600 227
8 48 601 227
8 48 600 229
8 48 601 229
8 48 600 231
8 48 601 231
8 48 600 233
8 48 601 233
8 48 600 235
8 48 601 235
8 48 600 237
8 48 601 237
8 48 600 239
8 48 601 239
8 48 600 241
8 48 601 241
8 48 600 243
8 48 601 243
8 48 600 245
8 48 601 245
8 48 600 247
8 48 601 247
8 48 600 249
8 48 601 249
8 48 600 251
8 48 601 251
8 48 600 253
8 48 601 253
8 48 600 255
8 48 601 255
8 48 600 257
8 48 601 257
8 48 600 259
8 48 601 259
8 48 600 261
8 48 601 261
8 48 600 263
8 48 601 263
8 48 600 265
8 48 601 265
8 48 600 267
8 48 601 267
8 48 600 269
8 48 601 269
8 48 600 271
8 48 601 271
8 48 600 273
8 48 601 273
8 48 600 275
8 48 601 275
8 48 600 277
8 48 601 277
8 48 600 279
8 48 601 279
8 48 600 281
8 48 601 281
8 48 600 283
8 48 601 283
8 48 600 285
8 48 601 285
8 48 600 287
8 48 601 287
8 48 600 289
8 48 601 289
8 48 600 291
8 48 601 291
8 48 600 293
8 48 601 293
8 48 600 295
8 48 601 295
8 48 600 297
8 48 601 297
8 48 600 299
8 48 601 299
8 48 600 301
8 48 601 301
8 48 600 303
8 48 601 303
8 48 600 305
8 48 601 305
8 48 600 307
8 48 601 307
8 48 600 309
8 48 601 309
8 48 600 311
8 48 601 311
8 48 600 313
8 48 601 313
8 48 600 315
8 48 601 315
8 48 600 317
8 48 601 317
8 48 600 319
8 48 601 319
8 48 600 321
8 48 601 321
8 48 600 323
8 48 601 323
8 48 600 325
8 48 601 325
8 48 600 327
8 48 601 327
8 48 600 329
8 48 601 329
8 48 600 331
8 48 601 331
8 48 600 333
8 48 601 333
8 48 600 335
8 48 601 335
8 48 600 337
8 48 601 337
8 48 600 339
8 48 601 339
8 48 600 341
8 48 601 341
8 48 600 343
8 48 601 343
8 48 600 345
8 48 601 345
8 48 600 347
8 48 601 347
8 48 600 349
8 48 601 349
8 48 600 351
8 48 601 351
8 48 600 353
8 48 601 353
8 48 600 355
8 48 601 355
8 48 600 357
8 48 601 357
8 48 600 359
8 48 601 359
8 48 600 361
8 48 601 361
8 48 600 363
8 48 601 363
8 48 600 365
8 48 601 365
8 48 600 367
8 48 601 367
8 48 244 493
8 48 245 493
8 48 244 500
8 48 244 501
8 48 245 501
8 48 244 504
8 48 245 504
8 48 244 505
8 48 245 505
8 48 244 508
8 48 245 508
8 48 244 509
8 48 245 509
9 47 763 11
9 47 699 36
9 47 360 43
9 47 578 114
9 47 601 205
9 47 1 317
9 47 219 363
9 47 719 372
9 47 881 375
9 47 793 403
9 47 730 424
9 47 66 482
10 50 33 53
10 50 535 118
10 50 2 131
10 50 395 158
10 50 50 161
10 50 724 166
10 50 772 184
10 50 559 202
10 50 621 231
10 50 561 255
10 50 446 318
10 50 133 338
10 50 28 389
10 50 538 437
10 50 878 499
10 50 961 503
11 49 596 117
11 49 153 446
12 52 12 200
13 51 311 194
13 51 7 295
13 51 9 295
13 51 34 295
13 51 37 295
13 51 38 295
13 51 40 295
13 51 62 295
13 51 967 328
13 51 953 414
13 51 954 414
14 54 514 7
14 54 736 79
15 53 715 7
15 53 862 9
15 53 505 11
15 53 575 50
15 53 833 57
15 53 376 69
15 53 23 90
15 53 811 98
15 53 285 171
15 53 420 182
15 53 762 294
15 53 232 328
15 53 703 329
15 53 320 362
15 53 339 401
15 53 362 428
15 53 917 448
16 38 869 13
16 38 211 35
16 38 30 50
16 38 131 126
16 38 865 136
16 38 543 146
16 38 997 203
16 38 66 305
16 38 302 331
16 38 608 377
16 38 469 433
16 38 495 455
17 55 766 107
17 55 840 108
17 55 763 445
17 55 675 465
17 55 392 482
18 36 434 27
18 36 983 44
18 36 174 47
18 36 503 61
18 36 123 67
18 36 381 135
18 36 530 141
18 36 82 148
18 36 25 162
18 36 124 166
18 36 120 194
18 36 619 200
18 36 13 232
18 36 901 239
18 36 772 248
18 36 768 252
18 36 50 276
18 36 385 283
18 36 813 326
18 36 400 345
18 36 737 351
18 36 1 372
18 36 531 425
18 36 377 495
18 36 378 496
18 36 376 497
18 36 460 498
18 36 61 503
19 37 714 0
19 37 715 0
19 37 714 3
19 37 715 3
19 37 714 6
19 37 715 6
19 37 714 18
19 37 715 18
19 37 714 21
19 37 715 21
19 37 714 33
19 37 715 33
19 37 714 36
19 37 715 36
19 37 714 39
19 37 715 39
19 37 714 48
19 37 715 48
19 37 714 51
19 37 715 51
19 37 714 54
19 37 715 54
19 37 714 66
19 37 715 66
19 37 714 69
19 37 715 69
19 37 714 81
19 37 715 81
19 37 714 84
19 37 715 84
19 37 714 87
19 37 715 87
19 37 732 89
19 37 509 95
19 37 714 96
19 37 715 96
19 37 105 98
19 37 714 99
19 37 715 99
19 37 714 102
19 37 715 102
19 37 714 114
19 37 715 114
19 37 714 117
19 37 715 117
19 37 198 142
19 37 975 149
19 37 634 198
19 37 3 237
19 37 330 288
19 37 839 292
19 37 569 378
19 37 943 389
19 37 68 407
19 37 780 447
19 37 1016 461
19 37 307 503
20 32 482 22
20 32 134 58
20 32 78 96
20 32 422 120
20 32 423 120
20 32 422 121
20 32 423 121
20 32 422 122
20 32 423 122
20 32 423 124
20 32 422 125
20 32 423 125
20 32 422 126
20 32 423 126
20 32 422 127
20 32 423 127
20 32 79 290
20 32 94 328
20 32 925 379
20 32 162 395
20 32 991 406
20 32 273 445
20 32 777 449
20 32 177 452
20 32 970 461
20 32 71 480
21 35 592 27
21 35 109 123
21 35 74 153
21 35 459 228
21 35 410 317
21 35 589 395
21 35 875 452
21 35 360 498
22 34 614 35
22 34 232 54
22 34 415 99
22 34 781 113
22 34 384 193
22 34 23 195
22 34 846 233
22 34 133 415
22 34 123 444
22 34 514 470
23 33 176 68
23 33 191 93
23 33 438 94
23 33 872 135
23 33 739 138
23 33 936 221
23 33 726 233
23 33 444 275
23 33 487 285
23 33 316 305
23 33 718 312
23 33 129 330
23 33 213 413
23 33 731 471
23 33 166 506
24 64 1009 238
24 64 167 361
24 64 1009 434
25 63 96 2
25 63 97 2
25 63 96 3
25 63 97 3
25 63 96 6
25 63 97 6
25 63 96 11
25 63 97 11
25 63 96 14
25 63 97 14
25 63 96 15
25 63 97 15
25 63 513 15
25 63 96 18
25 63 97 18
25 63 96 23
25 63 97 23
25 63 96 26
25 63 97 26
25 63 96 27
25 63 97 27
25 63 96 30
25 63 97 30
25 63 242 34
25 63 96 35
25 63 97 35
25 63 96 38
25 63 97 38
25 63 96 39
25 63 97 39
25 63 96 42
25 63 97 42
25 63 96 47
25 63 97 47
25 63 96 50
25 63 97 50
25 63 96 51
25 63 97 51
25 63 96 54
25 63 97 54
25 63 96 59
25 63 97 59
25 63 96 62
25 63 97 62
25 63 96 63
25 63 97 63
25 63 96 66
25 63 97 66
25 63 96 71
25 63 97 71
25 63 96 74
25 63 97 74
25 63 96 75
25 63 97 75
25 63 548 76
25 63 96 78
25 63 97 78
25 63 96 83
25 63 97 83
25 63 96 86
25 63 97 86
25 63 96 87
25 63 97 87
25 63 96 90
25 63 97 90
25 63 96 95
25 63 97 95
25 63 96 98
25 63 97 98
25 63 96 99
25 63 97 99
25 63 96 102
25 63 97 102
25 63 96 107
25 63 97 107
25 63 96 110
25 63 97 110
25 63 96 111
25 63 97 111
25 63 96 114
25 63 97 114
25 63 96 119
25 63 97 119
25 63 96 122
25 63 97 122
25 63 96 123
25 63 97 123
25 63 96 126
25 63 97 126
25 63 96 131
25 63 97 131
25 63 96 134
25 63 97 134
25 63 96 135
25 63 97 135
25 63 96 138
25 63 97 138
25 63 96 143
25 63 97 143
25 63 96 146
25 63 97 146
25 63 96 147
25 63 97 147
25 63 96 150
25 63 97 150
25 63 96 155
25 63 97 155
25 63 96 158
25 63 97 158
25 63 96 159
25 63 97 159
25 63 96 162
25 63 97 162
25 63 779 166
25 63 96 167
25 63 97 167
25 63 96 170
25 63 97 170
25 63 96 171
25 63 97 171
25 63 96 174
25 63 97 174
25 63 96 179
25 63 97 179
25 63 96 182
25 63 97 182
25 63 96 183
25 63 97 183
25 63 96 186
25 63 97 186
25 63 96 191
25 63 97 191
25 63 96 194
25 63 97 194
25 63 96 195
25 63 97 195
25 63 96 198
25 63 97 198
25 63 96 203
25 63 97 203
25 63 96 206
25 63 97 206
25 63 96 207
25 63 97 207
25 63 96 210
25 63 97 210
25 63 96 215
25 63 97 215
25 63 96 218
25 63 97 218
25 63 96 219
25 63 97 219
25 63 96 222
25 63 97 222
25 63 567 224
25 63 96 227
25 63 97 227
25 63 611 227
25 63 96 230
25 63 97 230
25 63 96 231
25 63 97 231
25 63 96 234
25 63 97 234
25 63 96 239
25 63 97 239
25 63 96 242
25 63 97 242
25 63 96 243
25 63 97 243
25 63 96 246
25 63 97 246
25 63 96 251
25 63 97 251
25 63 96 254
25 63 97 254
25 63 96 255
25 63 97 255
25 63 96 258
25 63 97 258
25 63 96 263
25 63 97 263
25 63 96 266
25 63 97 266
25 63 96 267
25 63 97 267
25 63 96 270
25 63 97 270
25 63 96 275
25 63 97 275
25 63 872 275
25 63 96 278
25 63 97 278
25 63 96 279
25 63 97 279
25 63 96 282
25 63 97 282
25 63 96 287
25 63 97 287
25 63 96 290
25 63 97 290
25 63 96 291
25 63 97 291
25 63 96 294
25 63 97 294
25 63 96 299
25 63 97 299
25 63 96 302
25 63 97 302
25 63 96 303
25 63 97 303
25 63 96 306
25 63 97 306
25 63 96 311
25 63 97 311
25 63 96 314
25 63 97 314
25 63 96 315
25 63 97 315
25 63 96 318
25 63 97 318
25 63 96 323
25 63 97 323
25 63 96 326
25 63 97 326
25 63 96 327
25 63 97 327
25 63 96 330
25 63 97 330
25 63 96 335
25 63 97 335
25 63 96 338
25 63 97 338
25 63 96 339
25 63 97 339
25 63 96 342
25 63 97 342
25 63 96 347
25 63 97 347
25 63 848 347
25 63 96 350
25 63 97 350
25 63 96 351
25 63 97 351
25 63 96 354
25 63 97 354
25 63 96 359
25 63 97 359
25 63 96 362
25 63 97 362
25 63 96 363
25 63 97 363
25 63 96 366
25 63 97 366
25 63 96 371
25 63 97 371
25 63 96 374
25 63 97 374
25 63 96 375
25 63 97 375
25 63 96 378
25 63 97 378
25 63 96 383
25 63 97 383
25 63 96 386
25 63 97 386
25 63 96 387
25 63 97 387
25 63 96 390
25 63 97 390
25 63 96 395
25 63 97 395
25 63 96 398
25 63 97 398
25 63 96 399
25 63 97 399
25 63 96 402
25 63 97 402
25 63 96 407
25 63 97 407
25 63 96 410
25 63 97 410
25 63 96 411
25 63 97 411
25 63 96 414
25 63 97 414
25 63 96 419
25 63 97 419
25 63 96 422
25 63 97 422
25 63 96 423
25 63 97 423
25 63 96 426
25 63 97 426
25 63 96 431
25 63 97 431
25 63 96 434
25 63 97 434
25 63 96 435
25 63 97 435
25 63 96 438
25 63 97 438
25 63 893 441
25 63 96 447
25 63 97 447
25 63 96 450
25 63 97 450
25 63 96 455
25 63 97 455
25 63 96 458
25 63 97 458
25 63 96 459
25 63 97 459
25 63 96 462
25 63 97 462
25 63 96 467
25 63 97 467
25 63 96 470
25 63 97 470
25 63 96 471
25 63 97 471
25 63 96 474
25 63 97 474
25 63 96 479
25 63 97 479
25 63 96 482
25 63 97 482
25 63 96 483
25 63 97 483
25 63 96 486
25 63 97 486
25 63 96 491
25 63 97 491
25 63 96 494
25 63 97 494
25 63 96 495
25 63 97 495
25 63 96 498
25 63 97 498
25 63 96 503
25 63 97 503
25 63 96 506
25 63 97 506
25 63 96 507
25 63 97 507
25 63 96 510
25 63 97 510
26 66 678 222
26 66 147 357
26 66 832 370
26 66 504 376
26 66 546 427
26 66 996 480
28 68 12 8
28 68 894 13
28 68 930 14
28 68 622 18
28 68 595 25
28 68 319 33
28 68 819 35
28 68 697 57
28 68 216 66
28 68 836 67
28 68 891 70
28 68 778 72
28 68 828 79
28 68 710 92
28 68 422 98
28 68 948 98
28 68 787 112
28 68 415 113
28 68 841 120
28 68 1005 128
28 68 384 135
28 68 689 136
28 68 611 139
28 68 465 150
28 68 826 157
28 68 954 158
28 68 930 166
28 68 732 183
28 68 333 198
28 68 8 218
28 68 450 248
28 68 713 269
28 68 879 269
28 68 533 305
28 68 958 316
28 68 583 329
28 68 902 331
28 68 892 371
28 68 428 424
28 68 804 429
28 68 986 445
28 68 125 461
28 68 289 467
28 68 758 479
28 68 919 482
29 67 264 56
29 67 96 83
29 67 672 114
29 67 225 223
29 67 190 262
29 67 878 352
29 67 358 359
29 67 138 492
30 70 931 37
30 70 28 58
30 70 524 196
30 70 403 224
30 70 801 401
31 69 37 84
32 72 834 37
32 72 297 42
32 72 936 61
32 72 927 62
32 72 468 69
32 72 1004 77
32 72 161 85
32 72 700 99
32 72 930 105
32 72 23 113
32 72 1009 136
32 72 682 165
32 72 55 167
32 72 483 169
32 72 901 188
32 72 292 193
32 72 707 246
32 72 706 264
32 72 2 281
32 72 101 305
32 72 841 308
32 72 551 324
32 72 947 338
32 72 294 365
32 72 223 418
32 72 39 439
32 72 638 457
32 72 202 464
32 72 956 474
32 72 393 486
32 72 548 492
32 72 56 500
32 72 365 501
33 71 585 1
33 71 259 29
33 71 149 30
33 71 54 35
33 71 695 160
33 71 354 228
33 71 242 237
33 71 524 293
33 71 388 337
33 71 71 341
33 71 242 342
33 71 440 359
33 71 227 400
33 71 771 475
33 71 951 478
33 71 768 480
33 71 249 489
34 74 986 298
35 73 28 235
36 76 155 13
36 76 466 54
36 76 219 162
36 76 753 166
36 76 129 269
36 76 526 272
36 76 395 298
36 76 226 319
36 76 768 346
36 76 244 364
36 76 421 379
36 76 568 438
36 76 192 501
37 75 637 41
37 75 646 87
37 75 814 137
37 75 1013 145
37 75 649 189
37 75 595 213
37 75 191 280
37 75 985 318
37 75 548 359
37 75 96 380
37 75 919 396
37 75 582 427
37 75 337 480
37 75 513 494
39 77 640 47
39 77 737 64
39 77 542 123
39 77 774 125
39 77 0 153
39 77 1 153
39 77 2 153
39 77 3 153
39 77 4 153
39 77 5 153
39 77 6 153
39 77 7 153
39 77 8 153
39 77 9 153
39 77 10 153
39 77 11 153
39 77 12 153
39 77 13 153
39 77 14 153
39 77 15 153
39 77 16 153
39 77 17 153
39 77 18 153
39 77 19 153
39 77 20 153
39 77 21 153
39 77 22 153
39 77 23 153
39 77 24 153
39 77 25 153
39 77 26 153
39 77 27 153
39 77 28 153
39 77 29 153
39 77 30 153
39 77 31 153
39 77 32 153
39 77 33 153
39 77 34 153
39 77 35 153
39 77 36 153
39 77 37 153
39 77 38 153
39 77 39 153
39 77 40 153
39 77 41 153
39 77 42 153
39 77 43 153
39 77 44 153
39 77 45 153
39 77 46 153
39 77 47 153
39 77 48 153
39 77 49 153
39 77 50 153
39 77 51 153
39 77 52 153
39 77 53 153
39 77 54 153
39 77 55 153
39 77 56 153
39 77 57 153
39 77 58 153
39 77 59 153
39 77 60 153
39 77 61 153
39 77 62 153
39 77 63 153
39 77 64 153
39 77 65 153
39 77 66 153
39 77 67 153
39 77 68 153
39 77 69 153
39 77 70 153
39 77 71 153
39 77 72 153
39 77 73 153
39 77 74 153
39 77 75 153
39 77 76 153
39 77 77 153
39 77 78 153
39 77 79 153
39 77 80 153
39 77 81 153
39 77 82 153
39 77 83 153
39 77 84 153
39 77 85 153
39 77 86 153
39 77 87 153
39 77 88 153
39 77 89 153
39 77 90 153
39 77 91 153
39 77 92 153
39 77 93 153
39 77 94 153
39 77 95 153
39 77 96 153
39 77 97 153
39 77 98 153
39 77 99 153
39 77 100 153
39 77 101 153
39 77 102 153
39 77 103 153
39 77 104 153
39 77 105 153
39 77 106 153
39 77 107 153
39 77 108 153
39 77 109 153
39 77 110 153
39 77 111 153
39 77 112 153
39 77 113 153
39 77 114 153
39 77 115 153
39 77 116 153
39 77 117 153
39 77 118 153
39 77 119 153
39 77 120 153
39 77 121 153
39 77 122 153
39 77 123 153
39 77 124 153
39 77 125 153
39 77 126 153
39 77 127 153
39 77 128 153
39 77 129 153
39 77 130 153
39 77 131 153
39 77 132 153
39 77 133 153
39 77 134 153
39 77 135 153
39 77 136 153
39 77 137 153
39 77 138 153
39 77 139 153
39 77 140 153
39 77 141 153
39 77 142 153
39 77 143 153
39 77 144 153
39 77 145 153
39 77 146 153
39 77 147 153
39 77 148 153
39 77 149 153
39 77 150 153
39 77 151 153
39 77 152 153
39 77 153 153
39 77 154 153
39 77 155 153
39 77 156 153
39 77 157 153
39 77 158 153
39 77 159 153
39 77 160 153
39 77 161 153
39 77 162 153
39 77 163 153
39 77 164 153
39 77 165 153
39 77 166 153
39 77 167 153
39 77 168 153
39 77 169 153
39 77 170 153
39 77 171 153
39 77 172 153
39 77 173 153
39 77 174 153
39 77 175 153
39 77 176 153
39 77 177 153
39 77 178 153
39 77 179 153
39 77 180 153
39 77 181 153
39 77 182 153
39 77 183 153
39 77 184 153
39 77 185 153
39 77 186 153
39 77 187 153
39 77 188 153
39 77 189 153
39 77 190 153
39 77 191 153
39 77 192 153
39 77 193 153
39 77 194 153
39 77 195 153
39 77 196 153
39 77 197 153
39 77 198 153
39 77 199 153
39 77 200 153
39 77 201 153
39 77 202 153
39 77 203 153
39 77 204 153
39 77 205 153
39 77 206 153
39 77 207 153
39 77 208 153
39 77 209 153
39 77 210 153
39 77 211 153
39 77 212 153
39 77 213 153
39 77 214 153
39 77 215 153
39 77 216 153
39 77 217 153
39 77 218 153
39 77 219 153
39 77 220 153
39 77 221 153
39 77 222 153
39 77 223 153
39 77 224 153
39 77 225 153
39 77 226 153
39 77 227 153
39 77 228 153
39 77 229 153
39 77 230 153
39 77 231 153
39 77 232 153
39 77 233 153
39 77 234 153
39 77 235 153
39 77 236 153
39 77 237 153
39 77 238 153
39 77 239 153
39 77 240 153
39 77 241 153
39 77 242 153
39 77 243 153
39 77 244 153
39 77 245 153
39 77 246 153
39 77 247 153
39 77 248 153
39 77 249 153
39 77 250 153
39 77 251 153
39 77 252 153
39 77 253 153
39 77 254 153
39 77 255 153
39 77 256 153
39 77 257 153
39 77 258 153
39 77 259 153
39 77 260 153
39 77 261 153
39 77 262 153
39 77 263 153
39 77 264 153
39 77 265 153
39 77 266 153
39 77 267 153
39 77 268 153
39 77 269 153
39 77 270 153
39 77 271 153
39 77 272 153
39 77 273 153
39 77 274 153
39 77 275 153
39 77 276 153
39 77 277 153
39 77 278 153
39 77 279 153
39 77 280 153
39 77 281 153
39 77 282 153
39 77 283 153
39 77 284 153
39 77 285 153
39 77 286 153
39 77 287 153
39 77 288 153
39 77 289 153
39 77 290 153
39 77 291 153
39 77 292 153
39 77 293 153
39 77 294 153
39 77 295 153
39 77 296 153
39 77 297 153
39 77 298 153
39 77 299 153
39 77 300 153
39 77 301 153
39 77 302 153
39 77 303 153
39 77 304 153
39 77 305 153
39 77 308 153
39 77 309 153
39 77 310 153
39 77 311 153
39 77 312 153
39 77 313 153
39 77 314 153
39 77 315 153
39 77 316 153
39 77 317 153
39 77 318 153
39 77 319 153
39 77 320 153
39 77 321 153
39 77 322 153
39 77 323 153
39 77 324 153
39 77 325 153
39 77 326 153
39 77 327 153
39 77 328 153
39 77 329 153
39 77 330 153
39 77 331 153
39 77 332 153
39 77 333 153
39 77 334 153
39 77 335 153
39 77 336 153
39 77 337 153
39 77 338 153
39 77 339 153
39 77 340 153
39 77 341 153
39 77 342 153
39 77 343 153
39 77 344 153
39 77 345 153
39 77 346 153
39 77 347 153
39 77 348 153
39 77 349 153
39 77 350 153
39 77 351 153
39 77 352 153
39 77 353 153
39 77 354 153
39 77 355 153
39 77 356 153
39 77 357 153
39 77 358 153
39 77 359 153
39 77 360 153
39 77 361 153
39 77 362 153
39 77 363 153
39 77 364 153
39 77 365 153
39 77 366 153
39 77 367 153
39 77 368 153
39 77 369 153
39 77 370 153
39 77 371 153
39 77 372 153
39 77 373 153
39 77 374 153
39 77 375 153
39 77 376 153
39 77 377 153
39 77 378 153
39 77 379 153
39 77 380 153
39 77 381 153
39 77 382 153
39 77 383 153
39 77 384 153
39 77 385 153
39 77 386 153
39 77 387 153
39 77 388 153
39 77 389 153
39 77 390 153
39 77 391 153
39 77 392 153
39 77 393 153
39 77 394 153
39 77 395 153
39 77 396 153
39 77 397 153
39 77 398 153
39 77 399 153
39 77 400 153
39 77 401 153
39 77 402 153
39 77 403 153
39 77 404 153
39 77 405 153
39 77 406 153
39 77 407 153
39 77 408 153
39 77 409 153
39 77 410 153
39 77 411 153
39 77 412 153
39 77 413 153
39 77 414 153
39 77 415 153
39 77 416 153
39 77 417 153
39 77 418 153
39 77 419 153
39 77 420 153
39 77 421 153
39 77 422 153
39 77 423 153
39 77 424 153
39 77 425 153
39 77 426 153
39 77 427 153
39 77 428 153
39 77 429 153
39 77 430 153
39 77 431 153
39 77 432 153
39 77 433 153
39 77 434 153
39 77 435 153
39 77 436 153
39 77 437 153
39 77 438 153
39 77 439 153
39 77 440 153
39 77 441 153
39 77 442 153
39 77 443 153
39 77 444 153
39 77 445 153
39 77 446 153
39 77 447 153
39 77 448 153
39 77 449 153
39 77 450 153
39 77 451 153
39 77 452 153
39 77 453 153
39 77 454 153
39 77 455 153
39 77 456 153
39 77 457 153
39 77 458 153
39 77 459 153
39 77 460 153
39 77 461 153
39 77 462 153
39 77 463 153
39 77 464 153
39 77 465 153
39 77 466 153
39 77 467 153
39 77 468 153
39 77 469 153
39 77 470 153
39 77 471 153
39 77 472 153
39 77 473 153
39 77 474 153
39 77 475 153
39 77 476 153
39 77 477 153
39 77 478 153
39 77 479 153
39 77 480 153
39 77 481 153
39 77 482 153
39 77 483 153
39 77 484 153
39 77 485 153
39 77 486 153
39 77 487 153
39 77 488 153
39 77 489 153
39 77 490 153
39 77 491 153
39 77 492 153
39 77 493 153
39 77 494 153
39 77 495 153
39 77 496 153
39 77 497 153
39 77 498 153
39 77 499 153
39 77 500 153
39 77 501 153
39 77 502 153
39 77 503 153
39 77 504 153
39 77 505 153
39 77 506 153
39 77 507 153
39 77 508 153
39 77 509 153
39 77 510 153
39 77 511 153
39 77 512 153
39 77 513 153
39 77 514 153
39 77 515 153
39 77 516 153
39 77 517 153
39 77 518 153
39 77 519 153
39 77 520 153
39 77 521 153
39 77 522 153
39 77 523 153
39 77 524 153
39 77 525 153
39 77 526 153
39 77 527 153
39 77 528 153
39 77 529 153
39 77 530 153
39 77 531 153
39 77 532 153
39 77 533 153
39 77 534 153
39 77 535 153
39 77 536 153
39 77 537 153
39 77 538 153
39 77 539 153
39 77 540 153
39 77 541 153
39 77 542 153
39 77 543 153
39 77 544 153
39 77 545 153
39 77 546 153
39 77 547 153
39 77 548 153
39 77 549 153
39 77 550 153
39 77 551 153
39 77 552 153
39 77 553 153
39 77 554 153
39 77 555 153
39 77 556 153
39 77 557 153
39 77 558 153
39 77 559 153
39 77 560 153
39 77 561 153
39 77 562 153
39 77 563 153
39 77 564 153
39 77 565 153
39 77 566 153
39 77 567 153
39 77 568 153
39 77 569 153
39 77 570 153
39 77 571 153
39 77 572 153
39 77 573 153
39 77 574 153
39 77 575 153
39 77 576 153
39 77 577 153
39 77 578 153
39 77 579 153
39 77 580 153
39 77 581 153
39 77 582 153
39 77 583 153
39 77 584 153
39 77 585 153
39 77 586 153
39 77 587 153
39 77 588 153
39 77 589 153
39 77 590 153
39 77 591 153
39 77 592 153
39 77 593 153
39 77 594 153
39 77 595 153
39 77 596 153
39 77 597 153
39 77 598 153
39 77 599 153
39 77 600 153
39 77 601 153
39 77 602 153
39 77 603 153
39 77 604 153
39 77 605 153
39 77 606 153
39 77 607 153
39 77 608 153
39 77 609 153
39 77 610 153
39 77 611 153
39 77 612 153
39 77 613 153
39 77 614 153
39 77 615 153
39 77 616 153
39 77 617 153
39 77 618 153
39 77 619 153
39 77 620 153
39 77 621 153
39 77 622 153
39 77 623 153
39 77 624 153
39 77 625 153
39 77 626 153
39 77 627 153
39 77 628 153
39 77 629 153
39 77 630 153
39 77 631 153
39 77 632 153
39 77 633 153
39 77 634 153
39 77 635 153
39 77 636 153
39 77 637 153
39 77 638 153
39 77 639 153
39 77 640 153
39 77 641 153
39 77 642 153
39 77 643 153
39 77 644 153
39 77 645 153
39 77 646 153
39 77 647 153
39 77 648 153
39 77 649 153
39 77 650 153
39 77 651 153
39 77 652 153
39 77 653 153
39 77 654 153
39 77 655 153
39 77 656 153
39 77 657 153
39 77 658 153
39 77 659 153
39 77 660 153
39 77 661 153
39 77 662 153
39 77 663 153
39 77 664 153
39 77 665 153
39 77 666 153
39 77 667 153
39 77 668 153
39 77 669 153
39 77 670 153
39 77 671 153
39 77 672 153
39 77 673 153
39 77 674 153
39 77 675 153
39 77 676 153
39 77 677 153
39 77 678 153
39 77 679 153
39 77 680 153
39 77 681 153
39 77 682 153
39 77 683 153
39 77 684 153
39 77 685 153
39 77 686 153
39 77 687 153
39 77 688 153
39 77 689 153
39 77 690 153
39 77 691 153
39 77 692 153
39 77 693 153
39 77 694 153
39 77 695 153
39 77 696 153
39 77 697 153
39 77 698 153
39 77 699 153
39 77 700 153
39 77 701 153
39 77 702 153
39 77 703 153
39 77 704 153
39 77 705 153
39 77 706 153
39 77 707 153
39 77 708 153
39 77 709 153
39 77 710 153
39 77 711 153
39 77 712 153
39 77 713 153
39 77 714 153
39 77 715 153
39 77 716 153
39 77 717 153
39 77 718 153
39 77 719 153
39 77 720 153
39 77 721 153
39 77 722 153
39 77 723 153
39 77 724 153
39 77 725 153
39 77 726 153
39 77 727 153
39 77 728 153
39 77 729 153
39 77 730 153
39 77 731 153
39 77 732 153
39 77 733 153
39 77 734 153
39 77 735 153
39 77 736 153
39 77 737 153
39 77 738 153
39 77 739 153
39 77 740 153
39 77 741 153
39 77 742 153
39 77 743 153
39 77 744 153
39 77 745 153
39 77 746 153
39 77 747 153
39 77 748 153
39 77 749 153
39 77 750 153
39 77 751 153
39 77 752 153
39 77 753 153
39 77 754 153
39 77 755 153
39 77 756 153
39 77 757 153
39 77 758 153
39 77 759 153
39 77 760 153
39 77 761 153
39 77 762 153
39 77 763 153
39 77 764 153
39 77 765 153
39 77 766 153
39 77 767 153
39 77 768 153
39 77 769 153
39 77 770 153
39 77 771 153
39 77 772 153
39 77 773 153
39 77 774 153
39 77 775 153
39 77 776 153
39 77 777 153
39 77 778 153
39 77 779 153
39 77 780 153
39 77 781 153
39 77 782 153
39 77 783 153
39 77 784 153
39 77 785 153
39 77 786 153
39 77 787 153
39 77 788 153
39 77 789 153
39 77 790 153
39 77 791 153
39 77 792 153
39 77 793 153
39 77 794 153
39 77 795 153
39 77 796 153
39 77 797 153
39 77 798 153
39 77 799 153
39 77 800 153
39 77 801 153
39 77 802 153
39 77 803 153
39 77 804 153
39 77 805 153
39 77 806 153
39 77 807 153
39 77 808 153
39 77 809 153
39 77 810 153
39 77 811 153
39 77 812 153
39 77 813 153
39 77 814 153
39 77 815 153
39 77 816 153
39 77 817 153
39 77 818 153
39 77 819 153
39 77 820 153
39 77 821 153
39 77 822 153
39 77 823 153
39 77 824 153
39 77 825 153
39 77 826 153
39 77 827 153
39 77 828 153
39 77 829 153
39 77 830 153
39 77 831 153
39 77 832 153
39 77 833 153
39 77 834 153
39 77 835 153
39 77 836 153
39 77 837 153
39 77 838 153
39 77 839 153
39 77 840 153
39 77 841 153
39 77 842 153
39 77 843 153
39 77 844 153
39 77 845 153
39 77 846 153
39 77 847 153
39 77 848 153
39 77 849 153
39 77 850 153
39 77 851 153
39 77 852 153
39 77 853 153
39 77 854 153
39 77 855 153
39 77 856 153
39 77 857 153
39 77 858 153
39 77 859 153
39 77 860 153
39 77 861 153
39 77 862 153
39 77 863 153
39 77 864 153
39 77 865 153
39 77 866 153
39 77 867 153
39 77 868 153
39 77 869 153
39 77 870 153
39 77 871 153
39 77 872 153
39 77 873 153
39 77 874 153
39 77 875 153
39 77 876 153
39 77 877 153
39 77 878 153
39 77 879 153
39 77 880 153
39 77 881 153
39 77 882 153
39 77 883 153
39 77 884 153
39 77 885 153
39 77 886 153
39 77 887 153
39 77 888 153
39 77 889 153
39 77 890 153
39 77 891 153
39 77 892 153
39 77 893 153
39 77 894 153
39 77 895 153
39 77 896 153
39 77 897 153
39 77 898 153
39 77 899 153
39 77 900 153
39 77 901 153
39 77 902 153
39 77 903 153
39 77 904 153
39 77 905 153
39 77 906 153
39 77 907 153
39 77 908 153
39 77 909 153
39 77 910 153
39 77 911 153
39 77 912 153
39 77 913 153
39 77 914 153
39 77 915 153
39 77 916 153
39 77 917 153
39 77 918 153
39 77 919 153
39 77 920 153
39 77 921 153
39 77 922 153
39 77 923 153
39 77 924 153
39 77 925 153
39 77 926 153
39 77 927 153
39 77 928 153
39 77 929 153
39 77 930 153
39 77 931 153
39 77 932 153
39 77 933 153
39 77 934 153
39 77 935 153
39 77 936 153
39 77 937 153
39 77 938 153
39 77 939 153
39 77 940 153
39 77 941 153
39 77 942 153
39 77 943 153
39 77 944 153
39 77 945 153
39 77 946 153
39 77 947 153
39 77 948 153
39 77 949 153
39 77 950 153
39 77 951 153
39 77 952 153
39 77 953 153
39 77 954 153
39 77 955 153
39 77 956 153
39 77 957 153
39 77 958 153
39 77 959 153
39 77 960 153
39 77 961 153
39 77 962 153
39 77 963 153
39 77 964 153
39 77 965 153
39 77 966 153
39 77 967 153
39 77 968 153
39 77 969 153
39 77 970 153
39 77 971 153
39 77 972 153
39 77 973 153
39 77 974 153
39 77 975 153
39 77 976 153
39 77 977 153
39 77 978 153
39 77 979 153
39 77 980 153
39 77 981 153
39 77 982 153
39 77 983 153
39 77 984 153
39 77 985 153
39 77 986 153
39 77 987 153
39 77 988 153
39 77 989 153
39 77 990 153
39 77 991 153
39 77 992 153
39 77 993 153
39 77 994 153
39 77 995 153
39 77 996 153
39 77 997 153
39 77 998 153
39 77 999 153
39 77 1000 153
39 77 1001 153
39 77 1002 153
39 77 1003 153
39 77 1004 153
39 77 1005 153
39 77 1006 153
39 77 1007 153
39 77 1008 153
39 77 1009 153
39 77 1010 153
39 77 1011 153
39 77 1012 153
39 77 1013 153
39 77 1014 153
39 77 1015 153
39 77 1016 153
39 77 1017 153
39 77 1018 153
39 77 1019 153
39 77 1020 153
39 77 1021 153
39 77 1022 153
39 77 1023 153
39 77 366 203
40 62 143 68
40 62 470 218
40 62 326 277
41 79 31 32
41 79 447 89
41 79 112 202
41 79 110 374
41 79 81 473
41 79 450 509
42 60 85 230
42 60 182 271
42 60 912 299
42 60 312 338
42 60 561 351
42 60 698 358
42 60 75 367
42 60 691 367
42 60 829 372
42 60 180 402
42 60 230 423
42 60 826 511
43 61 351 160
43 61 512 187
43 61 369 196
43 61 720 197
43 61 116 202
43 61 306 234
43 61 48 244
43 61 317 357
43 61 863 361
43 61 521 368
43 61 995 369
43 61 836 379
43 61 962 379
43 61 554 414
43 61 955 480
43 61 707 493
43 61 718 499
44 56 123 15
44 56 517 22
44 56 786 51
44 56 41 117
44 56 741 125
44 56 271 126
44 56 594 130
44 56 806 201
44 56 499 204
44 56 661 212
44 56 378 214
44 56 213 217
44 56 79 226
44 56 165 234
44 56 949 248
44 56 272 259
44 56 640 280
44 56 287 284
44 56 237 321
44 56 46 325
44 56 895 331
44 56 414 342
44 56 412 343
44 56 259 393
44 56 454 394
44 56 583 400
44 56 888 425
44 56 800 432
44 56 766 443
44 56 69 480
44 56 290 491
44 56 283 496
44 56 806 498
45 59 118 54
45 59 358 62
45 59 635 91
45 59 987 114
45 59 513 125
45 59 820 162
45 59 528 177
45 59 746 210
45 59 283 235
45 59 742 244
45 59 1023 255
45 59 526 259
45 59 773 331
45 59 755 364
45 59 5 375
46 58 934 142
46 58 732 175
46 58 496 420
46 58 83 421
46 58 976 444
47 57 629 3
47 57 593 59
47 57 973 62
47 57 605 71
47 57 420 81
47 57 248 89
47 57 644 92
47 57 800 100
47 57 549 103
47 57 332 104
47 57 212 109
47 57 448 117
47 57 50 132
47 57 657 134
47 57 254 147
47 57 938 150
47 57 457 156
47 57 470 171
47 57 203 186
47 57 588 187
47 57 600 190
47 57 234 195
47 57 553 201
47 57 887 219
47 57 960 228
47 57 8 229
47 57 757 232
47 57 326 233
47 57 886 241
47 57 543 245
47 57 556 252
47 57 804 269
47 57 701 288
47 57 847 295
47 57 255 297
47 57 794 325
47 57 168 331
47 57 151 335
47 57 191 356
47 57 199 357
47 57 121 379
47 57 180 380
47 57 157 390
47 57 446 393
47 57 875 408
47 57 929 415
47 57 255 430
47 57 451 439
47 57 620 497
47 57 22 502
47 57 62 505
