   0  40   65  253                 288
   0  40  275  397                 287
   0  40  318  215                3238
   0  40  365  210               37649
   0  40  387  456                  23
   0  40  422  446                 199
   0  40  728  106                7692
   0  40  797  184                 550
   0  40 1017   64                1532
   1  39   14   77                 255
   1  39    2  492                1077
   1  39   77   27                  48
   1  39   70  328                 262
   1  39  281  422               17286
   1  39  302  269                  23
   1  39  414  482               20435
   1  39  435  455                 184
   1  39  462  409                  49
   1  39  585   48                 308
   1  39  585  444                  38
   1  39  671   75                1577
   1  39  673  399                 876
   1  39  755  219                  53
   1  39  791  282                3422
   1  39  891  153                1906
   1  39  864  207              110527
   1  39  929   54                 177
   2  42   31  424                  19
   2  42   95   23               20416
   2  42  171  330                 558
   2  42  200   84                2600
   2  42  242  357                 219
   2  42  463  462                3657
   2  42  608  105                1568
   2  42  708  244                 213
   2  42  939  172                5628
   3  41  163  501                  23
   3  41  259  175                 600
   3  41  611  107                1682
   3  41  786  403               44746
   4  44    5  260               25490
   4  44   50  333                3988
   4  44  253    9                 592
   4  44  229  155                  95
   4  44  468  141                2417
   4  44  991  110                 262
   5  43   80    7               17261
   5  43   65  482               26841
   5  43  240  247                  84
   5  43  298  498                  88
   5  43  398  242                  97
   5  43  469   55          1.3032e+06
   5  43  500  254                  63
   5  43  545  229                 151
   5  43  583  139                5564
   5  43  660    1                2105
   5  43  658   95                 295
   5  43  673  161                 157
   5  43  703  412                 128
   5  43  703  413                  46
   5  43  703  414                  53
   5  43  703  415                  44
   5  43  717   20                 154
   5  43  728   74                1346
   5  43  712  505                 180
   5  43  758  201                 165
   5  43  757  276                 678
   5  43  803  338                3475
   5  43  933   55                  85
   5  43  996  223                 305
   5  43 1002  466                  18
   6  46   50  273                 130
   6  46   80  383                 766
   6  46  157  419                 979
   6  46  299  242                  85
   6  46  348  128                1103
   6  46  497  267                2388
   6  46  503  333               12874
   6  46  534  388                 129
   6  46  817   67                 489
   6  46  870   36                 116
   6  46  958  348                7853
   7  45  242  496                  43
   7  45  437  254                  94
   7  45  673  297                 965
   7  45  674  297                 413
   8  48  245  489               53024
   8  48  245  492               53025
   9  47  721  489                 104
   9  47  763   11               86470
  10  50    2  131               16647
  10  50   17  315                  69
  10  50   28  389                 874
  10  50   33   53                 242
  10  50  187  500                  81
  10  50  283  263                 115
  10  50  501  507                1901
  10  50  535  118                1299
  10  50  538  437                1087
  10  50  724  166                1278
  10  50  772  184                1155
  10  50  865  422                 143
  10  50 1008  265                 504
  12  52   12  200                4914
  13  51   50  438                  86
  13  51  311  194                3216
  13  51  753   64                 234
  13  51  967  328               20464
  14  54  215  351                1945
  14  54  514    7                2528
  14  54  736   79                1866
  14  54  740  428                3861
  14  54  959  290                 231
  15  53   23   90               27432
  15  53  232  328                1304
  15  53  862    9                2036
  16  38   37  330                 169
  16  38  211   35                8597
  16  38  865  136                4372
  18  36  213   28                2745
  18  36  377  495                1459
  18  36  400  345                1677
  18  36  530  141              104787
  18  36  763  443                1947
  19  37  198  142                9106
  19  37  634  198                4926
  20  32  156  113                  94
  20  32  144  383                  87
  20  32  273  445              190250
  20  32  420  415                  47
  20  32  767   88                  53
  20  32  970  461                1798
  21  35  410  317                 393
  21  35  459  228                 377
  22  34  504  376              238506
  23  33  191   93                2089
  23  33  316  305               34341
  23  33  731  471               40136
  23  33  954   14                 257
  24  64  225  333                 369
  24  64  863  174                  18
  24  64  916  444                   9
  25  63  144   55                  15
  25  63  269   30                 296
  25  63  533  308                 344
  25  63  623  142                  39
  25  63  848  347                1895
  25  63  873   14                  45
  25  63  956  220                 226
  25  63  948  441                1980
  26  66   23  195                 706
  26  66   75  178                  86
  26  66  172  203                 155
  26  66  232   54               47718
  26  66  355  274                  47
  26  66  479  420                 157
  26  66  458  473                  54
  26  66  567  197                 165
  26  66  614   35                 126
  26  66  803  506                  37
  26  66  846  233                 296
  28  68    8  218                5325
  28  68   10  262                  33
  28  68  136  419                1213
  28  68  239  140                 110
  28  68  273  168                 121
  28  68  261  464                  44
  28  68  289  467                2399
  28  68  415  113                2538
  28  68  465  150                 603
  28  68  448  473                 333
  28  68  520  189                  47
  28  68  554  253               10237
  28  68  557  481                  51
  28  68  583  329              120879
  28  68  622   18                4154
  28  68  611  139              205581
  28  68  689  136                9351
  28  68  688  374                  86
  28  68  709    2                  68
  28  68  728  329                  49
  28  68  758  479                 365
  28  68  778   72               20502
  28  68  828   79                  40
  28  68  836   67                8318
  28  68  844  220                1781
  28  68  894   13                 797
  28  68  921  216                  33
  28  68  902  331                 407
  28  68  919  482                 506
  28  68  954  158                1231
  28  68  930  166                 832
  28  68  958  316                3439
  28  68  990  183                 192
  28  68  965  429                  40
  28  68  986  445                 700
  28  68 1005  128                 928
  29  67   96   83                2952
  29  67  129  262                  25
  29  67  138  492               46540
  29  67  291  285                  81
  29  67  672  114                1999
  29  67  694  426                 140
  29  67  716  458                  48
  29  67  991  425                 391
  30  70  160    0                4061
  30  70  332  409                 126
  30  70  524  196                1535
  30  70  870  139                  42
  31  69   37   84                1763
  31  69  130  269                  80
  31  69  167  245                2148
  31  69  298  312                  76
  32  72   23  113              196941
  32  72    2  281               17157
  32  72   39  439               15451
  32  72   56  500               23644
  32  72  101  305                 285
  32  72  129  295                 411
  32  72  148  480                 200
  32  72  202  464                 111
  32  72  247  388                 324
  32  72  252  414                1016
  32  72  297   42                2953
  32  72  294  365                 191
  32  72  365  501                 390
  32  72  393  486                  90
  32  72  468   69                1575
  32  72  483  169               14082
  32  72  548  492               52418
  32  72  682  165                 314
  32  72  834   37                1249
  32  72  841  308                 102
  32  72  901  188                8844
  32  72  909  400                 731
  32  72  936   61                 747
  32  72  930  105                3030
  32  72 1009  136                4603
  33  71  774  395                 144
  33  71  911  409                 110
  34  74  817    2              253083
  34  74  817    3                 542
  34  74  817    4                 904
  34  74  817    5               12744
  34  74  817    6               37281
  34  74  988  269                 455
  35  73   28  235                9454
  35  73  290  337                1539
  36  76    9   69                 743
  36  76   20  217                 129
  36  76   42  374                 303
  36  76   75  127                 503
  36  76  155   13                1612
  36  76  226  319               17443
  36  76  244  364                8232
  36  76  259  255                 329
  36  76  269  286                 221
  36  76  311  419                1045
  36  76  345  109                 736
  36  76  347  224               85776
  36  76  367  155                 617
  36  76  421  379                6034
  36  76  433  419                 178
  36  76  466   54                2620
  36  76  452  362                1904
  36  76  511  283                 298
  36  76  568  438                4486
  36  76  577  277                 208
  36  76  654  217                 231
  36  76  753  166                4019
  36  76  768  346               85211
  36  76  812  330                 114
  36  76 1022   56                 101
  37  75   31  493                  87
  37  75   74   22                 311
  37  75   64  256                 172
  37  75   96   74                 115
  37  75  158  368                  82
  37  75  235   40                 302
  37  75  341  307                 421
  37  75  510  200                 319
  37  75  637   41                 488
  37  75  646   87                5036
  37  75  723  411                 185
  37  75  809   56                 815
  37  75  985  318                4139
  39  77  542  123              325331
  39  77  690  357                2266
  39  77  841  352                4691
  41  79   81  473                3925
  41  79  450  509                5859
  42  60  230  423                 345
  42  60  390  468                 374
  42  60  561  351                 776
  42  60  698  358                 447
  42  60  826  511                1949
  43  61   48  244                1615
  43  61   77  297                 295
  43  61   99  126                 307
  43  61  280  162                1931
  43  61  272  297                 325
  43  61  306  234                 503
  43  61  369  196                2434
  43  61  632  171                1994
  43  61  955  480                6443
  43  61  962  379                3361
  44  56   41  117                 472
  44  56   63  477                 198
  44  56   88  218                 228
  44  56  237  321              499324
  44  56  271  126                 304
  44  56  272  259                 264
  44  56  287  284                 248
  44  56  259  393                 651
  44  56  283  496                2645
  44  56  326   11                 205
  44  56  380  185                 170
  44  56  454  394                 760
  44  56  499  204                1730
  44  56  532   63                 421
  44  56  542  343                 881
  44  56  625  246                 338
  44  56  639  438                 240
  44  56  621  494                 118
  44  56  640  280               20709
  44  56  715  189                 115
  44  56  741  125                 276
  44  56  786   51                 266
  44  56  805  372                  90
  44  56  806  498                 287
  44  56  880  227                  93
  44  56  895  331                 749
  44  56  888  425                3781
  44  56  910  115                  62
  44  56  971  121                 341
  44  56  964  215                 145
  45  59  283  235                 846
  45  59  358   62                 494
  45  59  520   52                 134
  45  59  526  259                2206
  45  59  742  244               17319
  45  59  773  331               17201
  46  58  934  142               16152
  47  57   23  156                 548
  47  57    8  229                1055
  47  57    9  232                 834
  47  57   24  478                  91
  47  57   22  502                 371
  47  57   37   26                 450
  47  57   40   20                 503
  47  57   50  132                 171
  47  57   40  453                  74
  47  57   90   58                 317
  47  57   90  368                 295
  47  57   77  471                 112
  47  57   87  493                 118
  47  57  112   75                 630
  47  57  151  335                7342
  47  57  168  331               18993
  47  57  180  380                 690
  47  57  212  109                5685
  47  57  212  136                 592
  47  57  254  147               12640
  47  57  285  209                 432
  47  57  287  297                1796
  47  57  333  319                 493
  47  57  351  332                 370
  47  57  387   39                2179
  47  57  424  216                 667
  47  57  430  389                 482
  47  57  416  473                 794
  47  57  448  117                 756
  47  57  470  171                3644
  47  57  451  439              169002
  47  57  489  400                 335
  47  57  515  495                 470
  47  57  549  103                1702
  47  57  546  162                 757
  47  57  582  106                 830
  47  57  600  190                2494
  47  57  620  497                 689
  47  57  695  139                 508
  47  57  677  442                 563
  47  57  757  232                4510
  47  57  794  325                2029
  47  57  800  100                2340
  47  57  804  269                7382
  47  57  824  468                 750
  47  57  851  168                 401
  47  57  875  408                8551
  47  57  917  214                 501
  47  57  927  293                 346
  47  57  960  228                3215
