   0  40   65  253                 262
   0  40  275  397                 246
   0  40  318  215                6179
   0  40  365  210               30040
   0  40  387  456                  31
   0  40  422  446                 148
   0  40  728  106                7566
   0  40  797  184                 447
   0  40 1017   64                1277
   1  39   14   77                 243
   1  39    2  492                 999
   1  39   77   27                  51
   1  39   70  328                 222
   1  39  281  422               14394
   1  39  414  482               17678
   1  39  435  455                 172
   1  39  462  409                  53
   1  39  585   48                 358
   1  39  585  444                  23
   1  39  671   75                2710
   1  39  673  399                 919
   1  39  755  219                  91
   1  39  791  282                2616
   1  39  891  153                1540
   1  39  864  207               87056
   1  39  929   54                 150
   2  42    2  277                  52
   2  42   31  424                  31
   2  42   95   23               16436
   2  42  171  330                 399
   2  42  200   84                2118
   2  42  242  357                 169
   2  42  463  462                3006
   2  42  608  105                1193
   2  42  708  244                 193
   2  42  939  172                5495
   3  41  163  501                  20
   3  41  259  175                 497
   3  41  611  107                1362
   3  41  786  403               34981
   4  44    5  260               20080
   4  44   50  333                3203
   4  44  253    9                 635
   4  44  229  155                 112
   4  44  468  141                2005
   4  44  991  110                 231
   5  43   80    7               13721
   5  43   65  482               24534
   5  43  240  247                  77
   5  43  298  498                  98
   5  43  398  242                 113
   5  43  469   55         1.01069e+06
   5  43  545  229                 174
   5  43  583  139                4669
   5  43  660    1                1865
   5  43  658   95                 337
   5  43  673  161                 167
   5  43  703  412                 104
   5  43  717   20                 180
   5  43  728   74                1407
   5  43  712  505                 139
   5  43  758  201                 127
   5  43  757  276                 630
   5  43  803  338                2777
   5  43  933   55                  94
   5  43  996  223                 265
   6  46   50  273                 123
   6  46   80  383                 846
   6  46  157  419                 686
   6  46  299  242                 155
   6  46  348  128                1255
   6  46  497  267                2043
   6  46  503  333               10970
   6  46  534  388                 141
   6  46  752  404                 113
   6  46  817   67                 837
   6  46  870   36                 107
   6  46  958  348                5962
   7  45  242  496                  41
   7  45  673  297                 293
   7  45  674  297                 180
   9  47  721  489                  69
   9  47  763   11               67625
  10  50    2  131               13134
  10  50   28  389                 874
  10  50   33   53                 227
  10  50  501  507                1637
  10  50  535  118                1300
  10  50  538  437                1001
  10  50  724  166                2289
  10  50  772  184                 931
  10  50  865  422                 194
  10  50 1008  265                 427
  12  52   12  200                4021
  13  51   50  438                  59
  13  51  311  194                2511
  13  51  967  328               16469
  14  54  215  351                1605
  14  54  514    7                2739
  14  54  736   79                2008
  14  54  740  428                3889
  15  53   23   90               21641
  15  53  232  328                1308
  15  53  862    9                1719
  16  38  211   35                1462
  16  38  865  136                3424
  17  55  392  482                 125
  18  36  213   28                2079
  18  36  377  495               29453
  18  36  400  345                1632
  18  36  530  141               86676
  18  36  763  443                1517
  19  37  198  142                7603
  19  37  634  198                4055
  19  37  941  331                  66
  20  32   91  388                  18
  20  32   99  201                  15
  20  32  156  113                  76
  20  32  144  383                  89
  20  32  286  259                  33
  20  32  273  445              151521
  20  32  767   88                  43
  20  32  970  461                1964
  20  32  992  206                   8
  21  35   28  490                   5
  21  35  410  317                 293
  21  35  459  228                 287
  22  34  504  376              183131
  23  33  191   93                2234
  23  33  316  305               26627
  23  33  731  471               32611
  23  33  954   14                 137
  24  64  225  333                 285
  25  63  269   30                 235
  25  63  533  308                 271
  25  63  623  142                  52
  25  63  848  347                1493
  25  63  873   14                  35
  25  63  956  220                 199
  25  63  948  441                1580
  26  66   23  195                 625
  26  66   75  178                  88
  26  66  172  203                 138
  26  66  232   54               52064
  26  66  355  274                  37
  26  66  479  420                 122
  26  66  458  473                  32
  26  66  567  197                 136
  26  66  614   35                  93
  26  66  803  506                  44
  26  66  846  233                 226
  28  68    8  218                4398
  28  68   10  262                  29
  28  68  125  461                  21
  28  68  136  419                 933
  28  68  239  140                  89
  28  68  273  168                 110
  28  68  261  464                  48
  28  68  289  467                1946
  28  68  415  113                2228
  28  68  465  150                 539
  28  68  448  473                 213
  28  68  554  253                2744
  28  68  557  481                  41
  28  68  583  329               87148
  28  68  622   18                3356
  28  68  611  139              160332
  28  68  689  136                7576
  28  68  688  374                  63
  28  68  728  329                  49
  28  68  758  479                 339
  28  68  778   72               12914
  28  68  836   67                6574
  28  68  844  220                1431
  28  68  894   13                 638
  28  68  906   45                  46
  28  68  921  216                  36
  28  68  902  331                 310
  28  68  919  482                 459
  28  68  954  158                1036
  28  68  930  166                 809
  28  68  958  316                2693
  28  68  990  183                 164
  28  68  965  429                  32
  28  68  986  445                 546
  28  68 1005  128                 760
  29  67   96   83                2344
  29  67  138  492               38893
  29  67  291  285                  77
  29  67  672  114                1580
  29  67  694  426                 200
  29  67  716  458                  52
  29  67  991  425                 296
  30  70  160    0                3550
  30  70  332  409                 109
  30  70  524  196                1339
  31  69   37   84                2349
  31  69  130  269                  79
  31  69  167  245                1725
  32  72   23  113              153166
  32  72    2  281               13073
  32  72   39  439               11342
  32  72   56  500               18330
  32  72  101  305                 228
  32  72  129  295                 310
  32  72  148  480                 142
  32  72  202  464                  74
  32  72  247  388                 235
  32  72  252  414                 580
  32  72  297   42                2399
  32  72  294  365                 180
  32  72  365  501                 297
  32  72  393  486                  66
  32  72  468   69                1350
  32  72  483  169               10188
  32  72  548  492               37662
  32  72  682  165                 328
  32  72  834   37                 871
  32  72  841  308                  90
  32  72  901  188                6764
  32  72  909  400                 589
  32  72  936   61                 481
  32  72  930  105                2292
  32  72 1009  136                3650
  33  71  911  409                 101
  34  74  817    2              144472
  34  74  817    5                 928
  34  74  817    6               14520
  34  74  988  269                 402
  35  73   28  235                7646
  35  73  290  337                1284
  36  76    9   69                 585
  36  76   20  217                  89
  36  76   42  374                 217
  36  76   75  127                 417
  36  76   94  482                3569
  36  76  155   13                1280
  36  76  226  319               13609
  36  76  244  364                6406
  36  76  259  255                 384
  36  76  269  286                 209
  36  76  311  419                 807
  36  76  345  109                 636
  36  76  347  224               83464
  36  76  367  155                 905
  36  76  421  379                6572
  36  76  433  419                 171
  36  76  466   54                3600
  36  76  452  362                1395
  36  76  568  438                4494
  36  76  753  166                3988
  36  76  768  346               69970
  37  75   31  493                  94
  37  75   74   22                 244
  37  75   64  256                 167
  37  75  235   40                 385
  37  75  341  307                 612
  37  75  637   41                 707
  37  75  646   87                5211
  37  75  809   56                 788
  37  75  985  318                3796
  39  77  542  123              258736
  39  77  690  357                1948
  39  77  841  352                3820
  41  79   81  473                3063
  41  79  110  374                 123
  41  79  450  509                3892
  42  60  230  423                 224
  42  60  390  468                 187
  42  60  561  351                 618
  42  60  691  367                2312
  42  60  698  358                 321
  42  60  826  511                1463
  42  60  905  233                 127
  43  61   48  244                1348
  43  61   77  297                 232
  43  61   99  126                 248
  43  61  280  162                1689
  43  61  306  234                 731
  43  61  369  196                2239
  43  61  632  171                1871
  43  61  955  480                4987
  43  61  962  379                2697
  44  56   41  117                 388
  44  56   58  252                 104
  44  56   63  477                 180
  44  56   72   63                 120
  44  56   88  218                 160
  44  56   76  358                  19
  44  56  216  451                  30
  44  56  237  321              393716
  44  56  271  126                 224
  44  56  272  259                 270
  44  56  287  284                 215
  44  56  259  393                 648
  44  56  283  496                2373
  44  56  326   11                 137
  44  56  380  185                 126
  44  56  454  394                 386
  44  56  499  204                1958
  44  56  532   63                 323
  44  56  542  343                 622
  44  56  625  246                 254
  44  56  639  438                 176
  44  56  621  494                  80
  44  56  640  280               17744
  44  56  691  261                  70
  44  56  741  125                 290
  44  56  786   51                 221
  44  56  805  372                  56
  44  56  806  498                 227
  44  56  880  227                  48
  44  56  895  331                 553
  44  56  888  425                2929
  44  56  910  115                  44
  44  56  971  121                 261
  44  56  964  215                 103
  45  59  283  235                 928
  45  59  358   62                 454
  45  59  520   52                 102
  45  59  526  259                1733
  45  59  742  244               13786
  45  59  773  331               18129
  46  58  666  450                  76
  46  58  934  142               14826
  47  57   23  156                 354
  47  57   22  208                  47
  47  57    8  229                 964
  47  57    9  232                 612
  47  57   24  478                  56
  47  57   22  502                 294
  47  57   37   26                 324
  47  57   40   20                 356
  47  57   50  132                 196
  47  57   40  453                  74
  47  57   90   58                 207
  47  57   90  368                 222
  47  57   77  471                  70
  47  57   87  493                  73
  47  57  112   75                 477
  47  57  151  335                5779
  47  57  168  331               14797
  47  57  180  380                 456
  47  57  254  147                9726
  47  57  285  209                 453
  47  57  287  297                1444
  47  57  351  332                 465
  47  57  387   39                2081
  47  57  424  216                 836
  47  57  430  389                 615
  47  57  416  473                 678
  47  57  448  117                 917
  47  57  470  171                3025
  47  57  451  439              133268
  47  57  515  495                 403
  47  57  549  103                2079
  47  57  546  162                 798
  47  57  582  106                 719
  47  57  600  190                1391
  47  57  620  497                 439
  47  57  695  139                 458
  47  57  677  442                 532
  47  57  757  232                3820
  47  57  794  325                1585
  47  57  800  100                1757
  47  57  804  269                5648
  47  57  824  468                 603
  47  57  851  168                 321
  47  57  875  408                9200
  47  57  917  214                 350
  47  57  927  293                 301
  47  57  973   62                 136
  47  57  960  228                2491
