   0  40   65  253
   0  40  275  397
   0  40  318  215
   0  40  365  210
   0  40  387  456
   0  40  422  446
   0  40  728  106
   0  40  797  184
   0  40 1017   64
   1  39    2  492
   1  39   14   77
   1  39   70  328
   1  39   77   27
   1  39  281  422
   1  39  414  482
   1  39  435  455
   1  39  462  409
   1  39  585   48
   1  39  585  444
   1  39  671   75
   1  39  673  399
   1  39  755  219
   1  39  791  282
   1  39  864  207
   1  39  891  153
   1  39  929   54
   2  42   31  424
   2  42   95   23
   2  42  171  330
   2  42  200   84
   2  42  242  357
   2  42  463  462
   2  42  608  105
   2  42  708  244
   2  42  939  172
   3  41  259  175
   3  41  611  107
   3  41  786  403
   4  44    5  260
   4  44   50  333
   4  44  229  155
   4  44  253    9
   4  44  468  141
   4  44  991  110
   5  43   65  482
   5  43   80    7
   5  43  240  247
   5  43  298  498
   5  43  398  242
   5  43  469   55
   5  43  545  229
   5  43  583  139
   5  43  658   95
   5  43  660    1
   5  43  673  161
   5  43  703  412
   5  43  712  505
   5  43  717   20
   5  43  728   74
   5  43  757  276
   5  43  758  201
   5  43  803  338
   5  43  933   55
   5  43  996  223
   6  46   50  273
   6  46   80  383
   6  46  157  419
   6  46  348  128
   6  46  497  267
   6  46  503  333
   6  46  534  388
   6  46  817   67
   6  46  870   36
   6  46  958  348
   7  45  673  297
   7  45  674  297
   9  47  763   11
  10  50    2  131
  10  50   28  389
  10  50   33   53
  10  50  501  507
  10  50  535  118
  10  50  538  437
  10  50  724  166
  10  50  772  184
  10  50  865  422
  10  50 1008  265
  12  52   12  200
  13  51  311  194
  13  51  967  328
  14  54  215  351
  14  54  514    7
  14  54  736   79
  14  54  740  428
  15  53   23   90
  15  53  232  328
  15  53  862    9
  16  38  211   35
  16  38  865  136
  18  36  213   28
  18  36  377  495
  18  36  400  345
  18  36  530  141
  18  36  763  443
  19  37  198  142
  19  37  634  198
  20  32  144  383
  20  32  156  113
  20  32  273  445
  20  32  767   88
  20  32  970  461
  21  35  410  317
  21  35  459  228
  22  34  504  376
  23  33  191   93
  23  33  316  305
  23  33  731  471
  23  33  954   14
  24  64  225  333
  25  63  269   30
  25  63  533  308
  25  63  623  142
  25  63  848  347
  25  63  873   14
  25  63  948  441
  25  63  956  220
  26  66   23  195
  26  66   75  178
  26  66  172  203
  26  66  232   54
  26  66  458  473
  26  66  479  420
  26  66  567  197
  26  66  614   35
  26  66  803  506
  26  66  846  233
  28  68    8  218
  28  68  136  419
  28  68  239  140
  28  68  261  464
  28  68  273  168
  28  68  289  467
  28  68  415  113
  28  68  448  473
  28  68  465  150
  28  68  554  253
  28  68  557  481
  28  68  583  329
  28  68  611  139
  28  68  622   18
  28  68  688  374
  28  68  689  136
  28  68  728  329
  28  68  758  479
  28  68  778   72
  28  68  836   67
  28  68  844  220
  28  68  894   13
  28  68  902  331
  28  68  919  482
  28  68  921  216
  28  68  930  166
  28  68  954  158
  28  68  958  316
  28  68  965  429
  28  68  986  445
  28  68  990  183
  28  68 1005  128
  29  67   96   83
  29  67  138  492
  29  67  291  285
  29  67  672  114
  29  67  694  426
  29  67  991  425
  30  70  160    0
  30  70  332  409
  30  70  524  196
  31  69   37   84
  31  69  130  269
  31  69  167  245
  32  72    2  281
  32  72   23  113
  32  72   39  439
  32  72   56  500
  32  72  101  305
  32  72  129  295
  32  72  148  480
  32  72  202  464
  32  72  247  388
  32  72  252  414
  32  72  294  365
  32  72  297   42
  32  72  365  501
  32  72  468   69
  32  72  483  169
  32  72  548  492
  32  72  682  165
  32  72  834   37
  32  72  841  308
  32  72  901  188
  32  72  909  400
  32  72  930  105
  32  72  936   61
  32  72 1009  136
  33  71  911  409
  34  74  817    2
  34  74  817    5
  34  74  817    6
  34  74  988  269
  35  73   28  235
  35  73  290  337
  36  76    9   69
  36  76   42  374
  36  76   75  127
  36  76  155   13
  36  76  226  319
  36  76  244  364
  36  76  259  255
  36  76  311  419
  36  76  345  109
  36  76  347  224
  36  76  367  155
  36  76  421  379
  36  76  452  362
  36  76  466   54
  36  76  568  438
  36  76  753  166
  36  76  768  346
  37  75   31  493
  37  75   64  256
  37  75   74   22
  37  75  235   40
  37  75  341  307
  37  75  646   87
  37  75  809   56
  37  75  985  318
  39  77  542  123
  39  77  690  357
  39  77  841  352
  41  79   81  473
  41  79  450  509
  42  60  390  468
  42  60  561  351
  42  60  698  358
  42  60  826  511
  43  61   48  244
  43  61   77  297
  43  61   99  126
  43  61  280  162
  43  61  306  234
  43  61  369  196
  43  61  632  171
  43  61  955  480
  43  61  962  379
  44  56   41  117
  44  56   63  477
  44  56   88  218
  44  56  237  321
  44  56  259  393
  44  56  271  126
  44  56  272  259
  44  56  283  496
  44  56  287  284
  44  56  326   11
  44  56  380  185
  44  56  454  394
  44  56  499  204
  44  56  532   63
  44  56  542  343
  44  56  621  494
  44  56  625  246
  44  56  639  438
  44  56  640  280
  44  56  741  125
  44  56  786   51
  44  56  805  372
  44  56  806  498
  44  56  880  227
  44  56  888  425
  44  56  895  331
  44  56  964  215
  44  56  971  121
  45  59  283  235
  45  59  358   62
  45  59  520   52
  45  59  526  259
  45  59  742  244
  45  59  773  331
  46  58  934  142
  47  57    8  229
  47  57    9  232
  47  57   22  502
  47  57   23  156
  47  57   24  478
  47  57   37   26
  47  57   40   20
  47  57   40  453
  47  57   50  132
  47  57   77  471
  47  57   87  493
  47  57   90   58
  47  57   90  368
  47  57  112   75
  47  57  151  335
  47  57  168  331
  47  57  180  380
  47  57  254  147
  47  57  285  209
  47  57  287  297
  47  57  351  332
  47  57  387   39
  47  57  416  473
  47  57  424  216
  47  57  430  389
  47  57  448  117
  47  57  451  439
  47  57  470  171
  47  57  515  495
  47  57  546  162
  47  57  549  103
  47  57  582  106
  47  57  600  190
  47  57  620  497
  47  57  677  442
  47  57  757  232
  47  57  794  325
  47  57  800  100
  47  57  804  269
  47  57  824  468
  47  57  875  408
  47  57  917  214
  47  57  927  293
  47  57  960  228
