   0  40   65  253                 323
   0  40  275  397                 324
   0  40  318  215                2347
   0  40  365  210               45420
   0  40  387  456                  18
   0  40  422  446                 224
   0  40  728  106                8826
   0  40  797  184                 654
   0  40  791  378                  14
   0  40 1017   64                1779
   0  40 1001  459                   7
   1  39   14   77                 274
   1  39    2  492                1336
   1  39   77   27                  62
   1  39   70  328                 329
   1  39   76  328                   8
   1  39  229  437                  15
   1  39  281  422               20639
   1  39  302  269                  35
   1  39  414  482               24089
   1  39  435  455                 191
   1  39  462  409                  65
   1  39  585   48                 336
   1  39  606  347                  10
   1  39  585  444                  50
   1  39  671   75                2299
   1  39  673  399                 993
   1  39  755  219                  73
   1  39  791  282                4163
   1  39  891  153                2281
   1  39  864  207              134095
   1  39  929   54                 180
   2  42   31  424                  22
   2  42   95   23               25035
   2  42  171  330                 595
   2  42  200   84                3090
   2  42  249  346                  13
   2  42  242  357                 238
   2  42  284  319                  21
   2  42  272  449                  11
   2  42  463  462                4513
   2  42  626   87                  26
   2  42  608  105                1860
   2  42  708  244                 268
   2  42  939  172                6362
   3  41  145  497                  14
   3  41  163  501                  28
   3  41  259  175                 742
   3  41  611  107                1944
   3  41  786  403               54608
   4  44    5  260               31045
   4  44   50  333                5012
   4  44  173   30                  20
   4  44  253    9                 681
   4  44  229  155                 119
   4  44  239  396                  34
   4  44  468  141                2872
   4  44  541  161                  22
   4  44  991  110                 359
   5  43   80    7               20132
   5  43   65  482               30116
   5  43  240  247                 100
   5  43  298  498                  93
   5  43  346   33                  47
   5  43  398  242                 136
   5  43  469   55         1.58798e+06
   5  43  500  254                  78
   5  43  545  229                 162
   5  43  583  139                6695
   5  43  660    1                2653
   5  43  658   95                 337
   5  43  673  161                 153
   5  43  703  412                 109
   5  43  717   20                 139
   5  43  728   74                1938
   5  43  712  505                 195
   5  43  758  201                 182
   5  43  757  276                 733
   5  43  803  338                4207
   5  43  933   55                  75
   5  43  996  223                 378
   5  43 1002  466                  24
   6  46   50  273                 150
   6  46   80  383                 884
   6  46  157  419                1070
   6  46  299  242                  78
   6  46  348  128                1284
   6  46  497  267                2738
   6  46  503  333               15925
   6  46  534  388                 117
   6  46  600  384                  44
   6  46  722   98                  37
   6  46  752  404                  41
   6  46  817   67                 668
   6  46  850  243                  30
   6  46  870   36                  99
   6  46  958  348                8720
   6  46 1018  313                  29
   7  45  242  496                  41
   7  45  310  290                  30
   7  45  437  254                  78
   7  45  463  408                  40
   7  45  561  232                  38
   7  45  673  297                 629
   7  45  674  297                 101
   9  47  171   22                  58
   9  47  721  489                  92
   9  47  763   11              105819
  10  50    2  131               20287
  10  50   17  315                  65
  10  50   28  389                1100
  10  50   33   53                 225
  10  50   61  116                  77
  10  50  188  345                  57
  10  50  187  500                  83
  10  50  233  324                  60
  10  50  283  263                 101
  10  50  508   42                 101
  10  50  501  507                2249
  10  50  535  118                1536
  10  50  538  437                1257
  10  50  724  166                2236
  10  50  772  184                1088
  10  50  865  422                 125
  10  50  937   96                  49
  10  50 1008  265                 563
  12  52   12  200                5724
  13  51   50  438                  80
  13  51  164  369                 101
  13  51  311  194                3619
  13  51  324  377                 124
  13  51  753   64                 173
  13  51  967  328               24909
  14  54  215  351                2226
  14  54  514    7                2747
  14  54  736   79                1934
  14  54  740  428                4204
  14  54  959  290                 224
  15  53   23   90               32884
  15  53  232  328                1349
  15  53  862    9                2319
  16  38   37  330                 122
  16  38  211   35                3058
  16  38  865  136                5062
  17  55  392  482                 150
  18  36  213   28                3087
  18  36  377  495                2029
  18  36  400  345                1926
  18  36  527   52                 228
  18  36  530  141              126599
  18  36  763  443                2254
  19  37  198  142               10566
  19  37  336  206                 229
  19  37  344  327                 203
  19  37  634  198                5852
  20  32   91  388                  25
  20  32   99  201                  29
  20  32  156  113                 114
  20  32  144  383                  96
  20  32  286  259                  35
  20  32  273  445              233767
  20  32  420  415                  48
  20  32  767   88                  68
  20  32  970  461                2021
  21  35  410  317                 387
  21  35  459  228                 367
  22  34  504  376              282202
  22  34  629  150                 191
  23  33  191   93                2203
  23  33  316  305               41222
  23  33  731  471               51044
  23  33  954   14                 229
  24  64  225  333                 500
  24  64  863  174                  22
  25  63  231  323                   8
  25  63  269   30                 324
  25  63  533  308                 389
  25  63  623  142                  50
  25  63  848  347                2313
  25  63  873   14                  57
  25  63  956  220                 252
  25  63  931  446                   7
  25  63  948  441                2337
  26  66   23  195                 829
  26  66   75  178                 105
  26  66  172  203                 241
  26  66  232   54               53613
  26  66  355  274                  49
  26  66  479  420                 190
  26  66  458  473                  63
  26  66  567  197                 199
  26  66  614   35                 116
  26  66  803  506                  38
  26  66  846  233                 376
  28  68    8  218                6956
  28  68   10  262                  33
  28  68  136  419                1454
  28  68  239  140                 135
  28  68  273  168                 136
  28  68  261  464                  63
  28  68  289  467                3049
  28  68  415  113                2991
  28  68  465  150                 783
  28  68  448  473                 381
  28  68  490  108                  21
  28  68  520  189                  52
  28  68  554  253                5009
  28  68  557  481                  44
  28  68  583  329              153690
  28  68  622   18                5171
  28  68  611  139              250352
  28  68  689  136               11476
  28  68  672  174                  28
  28  68  688  374                  84
  28  68  709    2                  81
  28  68  728  329                  60
  28  68  758  479                 435
  28  68  778   72               20544
  28  68  788  336                  18
  28  68  828   79                  43
  28  68  826  157                  19
  28  68  836   67               10275
  28  68  844  220                2185
  28  68  894   13                 859
  28  68  906   45                  19
  28  68  921  216                  45
  28  68  902  331                 471
  28  68  919  482                 593
  28  68  954  158                1462
  28  68  930  166                 959
  28  68  949  227                  14
  28  68  958  316                4139
  28  68  990  183                 213
  28  68  965  429                  55
  28  68  986  445                 757
  28  68 1005  128                1201
  28  68 1023  415                  16
  29  67   96   83                3494
  29  67  129  262                  29
  29  67  138  492               55777
  29  67  291  285                 100
  29  67  672  114                2455
  29  67  694  426                 160
  29  67  716  458                  59
  29  67  991  425                 437
  30  70  160    0                1266
  30  70  332  409                 155
  30  70  524  196                1607
  30  70  870  139                  58
  31  69   37   84                2381
  31  69  130  269                  82
  31  69  167  245                2612
  31  69  284  441                  24
  31  69  298  312                  55
  31  69  323  363                  28
  31  69  733  336                  36
  32  72   23  113              240034
  32  72    2  281               20734
  32  72   39  439               18425
  32  72   56  500               28657
  32  72  101  305                 325
  32  72  129  295                 438
  32  72  148  480                 209
  32  72  202  464                  90
  32  72  247  388                 346
  32  72  252  414                 999
  32  72  297   42                3662
  32  72  294  365                 179
  32  72  365  501                 403
  32  72  393  486                  65
  32  72  468   69                1910
  32  72  483  169               15587
  32  72  548  492               61186
  32  72  638  457                  36
  32  72  682  165                 332
  32  72  834   37                1384
  32  72  841  308                  84
  32  72  901  188               10703
  32  72  909  400                 920
  32  72  936   61                 765
  32  72  930  105                3578
  32  72 1009  136                5802
  33  71  911  409                 126
  34  74  817    2              299609
  34  74  817    3                 173
  34  74  817    4                 281
  34  74  817    5                9303
  34  74  817    6               40146
  34  74  988  269                 556
  35  73   28  235               10871
  35  73  290  337                1800
  36  76    9   69                 838
  36  76   20  217                 102
  36  76   42  374                 350
  36  76   75  127                 557
  36  76  155   13                1823
  36  76  226  319               23359
  36  76  244  364                9776
  36  76  282  183                  83
  36  76  259  255                 374
  36  76  269  286                 162
  36  76  311  419                1200
  36  76  345  109                 997
  36  76  347  224              110456
  36  76  367  155                 688
  36  76  435  282                  97
  36  76  421  379                6844
  36  76  433  419                 157
  36  76  466   54                2846
  36  76  452  362                1984
  36  76  511  283                 274
  36  76  568  438                4842
  36  76  577  277                 136
  36  76  654  217                 186
  36  76  753  166                4792
  36  76  768  346              102756
  36  76  812  330                 101
  36  76 1022   56                 106
  37  75   21  427                  56
  37  75   31  493                 119
  37  75   74   22                 324
  37  75   64  256                 177
  37  75   96   74                  80
  37  75  158  368                  56
  37  75  235   40                 305
  37  75  341  307                 507
  37  75  372   15                 115
  37  75  510  200                 214
  37  75  512  159                  90
  37  75  637   41                 260
  37  75  646   87                5214
  37  75  649  189                  81
  37  75  723  411                 182
  37  75  809   56                 898
  37  75  834  240                  85
  37  75  985  318                4987
  39  77  542  123              392528
  39  77  690  357                2646
  39  77  841  352                5604
  41  79   81  473                4721
  41  79  110  374                 152
  41  79  450  509                6915
  42  60   94  379                 193
  42  60  230  423                 291
  42  60  390  468                 343
  42  60  561  351                 780
  42  60  691  367                1557
  42  60  698  358                 478
  42  60  826  511                2278
  42  60  905  233                 205
  43  61   48  244                1897
  43  61   77  297                 326
  43  61   99  126                 320
  43  61  280  162                2180
  43  61  272  297                 386
  43  61  306  234                 458
  43  61  369  196                2790
  43  61  632  171                1942
  43  61  955  480                7668
  43  61  962  379                3935
  44  56   41  117                 590
  44  56   63  477                 260
  44  56   72   63                  72
  44  56   88  218                 303
  44  56  216  451                  68
  44  56  237  321              608245
  44  56  271  126                 363
  44  56  272  259                 283
  44  56  287  284                 267
  44  56  259  393                 732
  44  56  283  496                2928
  44  56  326   11                 203
  44  56  380  185                 171
  44  56  454  394                 848
  44  56  499  204                2096
  44  56  532   63                 476
  44  56  542  343                 942
  44  56  625  246                 346
  44  56  639  438                 309
  44  56  621  494                 128
  44  56  640  280               24669
  44  56  691  261                  95
  44  56  715  189                 109
  44  56  741  125                 306
  44  56  786   51                 320
  44  56  805  372                  83
  44  56  806  498                 331
  44  56  880  227                 102
  44  56  895  331                 883
  44  56  888  425                4613
  44  56  910  115                  96
  44  56  971  121                 420
  44  56  964  215                 168
  45  59  283  235                 882
  45  59  358   62                 534
  45  59  520   52                 118
  45  59  526  259                2492
  45  59  742  244               20683
  45  59  773  331               17113
  46  58  666  450                 172
  46  58  934  142               18634
  47  57   23  156                 656
  47  57    8  229                1276
  47  57    9  232                 894
  47  57   24  478                 117
  47  57   22  502                 298
  47  57   37   26                 548
  47  57   40   20                 598
  47  57   50  132                 234
  47  57   40  453                 146
  47  57   90   58                 335
  47  57   90  368                 405
  47  57   77  471                 169
  47  57   87  493                 144
  47  57  112   75                1257
  47  57  151  335                8817
  47  57  168  331               22857
  47  57  180  380                 712
  47  57  212  136                 339
  47  57  254  147               15075
  47  57  285  209                 432
  47  57  287  297                2018
  47  57  333  319                 479
  47  57  351  332                 385
  47  57  387   39                2360
  47  57  424  216                 632
  47  57  430  389                 573
  47  57  416  473                 875
  47  57  448  117                 714
  47  57  470  171                3919
  47  57  451  439              204415
  47  57  487  360                 198
  47  57  489  400                 297
  47  57  515  495                 536
  47  57  549  103                1970
  47  57  546  162                 727
  47  57  582  106                 683
  47  57  600  190                1196
  47  57  638   26                 388
  47  57  620  497                 588
  47  57  695  139                 360
  47  57  677  442                 658
  47  57  757  232                5473
  47  57  794  325                2384
  47  57  800  100                2624
  47  57  804  269                8553
  47  57  824  468                 849
  47  57  851  168                 302
  47  57  875  408               12064
  47  57  917  214                 491
  47  57  927  293                 275
  47  57  973   62                 181
  47  57  960  228                3907
