   0  40   65  253                 273
   0  40  275  397                 325
   0  40  318  215                4087
   0  40  365  210               41958
   0  40  387  456                  39
   0  40  422  446                 221
   0  40  728  106                7632
   0  40  797  184                 636
   0  40 1017   64                1642
   1  39   14   77                 274
   1  39    2  492                1107
   1  39   77   27                  42
   1  39   70  328                 322
   1  39  281  422               18936
   1  39  414  482               21988
   1  39  435  455                 195
   1  39  462  409                  68
   1  39  585   48                 338
   1  39  585  444                  50
   1  39  671   75                2431
   1  39  673  399                 903
   1  39  755  219                  78
   1  39  791  282                3704
   1  39  891  153                2002
   1  39  864  207              124511
   1  39  929   54                 167
   2  42   31  424                  32
   2  42   95   23               22894
   2  42  171  330                 432
   2  42  200   84                2854
   2  42  242  357                 243
   2  42  463  462                4160
   2  42  608  105                1774
   2  42  708  244                 269
   2  42  939  172                5457
   3  41  259  175                 686
   3  41  611  107                1856
   3  41  786  403               50410
   4  44    5  260               28514
   4  44   50  333                4678
   4  44  253    9                 614
   4  44  229  155                 121
   4  44  468  141                2765
   4  44  991  110                 348
   5  43   80    7               19158
   5  43   65  482               26595
   5  43  240  247                 122
   5  43  298  498                 106
   5  43  398  242                 146
   5  43  469   55          1.4776e+06
   5  43  500  254                 121
   5  43  545  229                 195
   5  43  583  139                6227
   5  43  660    1                2488
   5  43  658   95                 375
   5  43  673  161                 191
   5  43  703  412                 162
   5  43  703  413                  86
   5  43  703  414                 109
   5  43  703  415                 109
   5  43  703  416                  80
   5  43  703  417                  78
   5  43  717   20                 170
   5  43  728   74                1499
   5  43  704  413                  92
   5  43  704  415                  85
   5  43  704  416                  65
   5  43  712  505                 199
   5  43  758  201                 209
   5  43  757  276                 674
   5  43  803  338                4078
   5  43  933   55                  84
   5  43  996  223                 362
   6  46   50  273                 164
   6  46   80  383                 743
   6  46  157  419                1079
   6  46  348  128                1066
   6  46  497  267                2526
   6  46  503  333               14434
   6  46  534  388                 185
   6  46  817   67                 575
   6  46  870   36                 130
   6  46  958  348                6708
   7  45  673  297                2626
   7  45  674  297                1128
   8  48  245  489               66457
   9  47  763   11               98713
  10  50    2  131               18769
  10  50   17  315                  76
  10  50   28  389                 888
  10  50   33   53                 244
  10  50  187  500                  98
  10  50  501  507                2164
  10  50  535  118                1664
  10  50  538  437                1328
  10  50  724  166                1529
  10  50  772  184                1111
  10  50  865  422                 205
  10  50 1008  265                 603
  12  52   12  200                5073
  13  51  311  194                3788
  13  51  967  328               23262
  14  54  215  351                2186
  14  54  514    7                3261
  14  54  736   79                2192
  14  54  740  428                3872
  15  53   23   90               30328
  15  53  232  328                1421
  15  53  862    9                2240
  16  38   37  330                 135
  16  38  211   35               12609
  16  38  865  136                5145
  18  36  213   28                2966
  18  36  377  495                3211
  18  36  400  345                2064
  18  36  530  141              117113
  18  36  763  443                2167
  19  37  198  142                9874
  19  37  634  198                5971
  20  32   91  388                  17
  20  32   99  201                  22
  20  32  156  113                  91
  20  32  144  383                  92
  20  32  286  259                  34
  20  32  273  445              214585
  20  32  420  415                  57
  20  32  767   88                  54
  20  32  970  461                1721
  21  35  410  317                 362
  21  35  459  228                 360
  22  34  504  376              266384
  23  33  191   93                1958
  23  33  316  305               38454
  23  33  731  471               45085
  23  33  954   14                 216
  24  64  225  333                 447
  24  64  863  174                  22
  25  63  269   30                 338
  25  63  533  308                 364
  25  63  623  142                  43
  25  63  848  347                2112
  25  63  873   14                  39
  25  63  956  220                 270
  25  63  948  441                2208
  26  66   23  195                 728
  26  66   75  178                 118
  26  66  172  203                 206
  26  66  232   54               74366
  26  66  479  420                 205
  26  66  458  473                  64
  26  66  567  197                 226
  26  66  614   35                 133
  26  66  803  506                  42
  26  66  846  233                 283
  28  68    8  218                6193
  28  68  136  419                1359
  28  68  239  140                 137
  28  68  273  168                 166
  28  68  261  464                  62
  28  68  289  467                2755
  28  68  415  113                2703
  28  68  465  150                 756
  28  68  448  473                 333
  28  68  554  253                6593
  28  68  557  481                  62
  28  68  583  329              148104
  28  68  622   18                4738
  28  68  611  139              232748
  28  68  689  136               10418
  28  68  688  374                 120
  28  68  728  329                  81
  28  68  758  479                 408
  28  68  778   72               21425
  28  68  836   67                9471
  28  68  844  220                2004
  28  68  894   13                 724
  28  68  921  216                  44
  28  68  902  331                 468
  28  68  919  482                 568
  28  68  954  158                1260
  28  68  930  166                 805
  28  68  958  316                3872
  28  68  990  183                 247
  28  68  965  429                  46
  28  68  986  445                 761
  28  68 1005  128                1107
  29  67   96   83                3282
  29  67  138  492               50692
  29  67  291  285                  84
  29  67  672  114                2254
  29  67  694  426                 173
  29  67  991  425                 399
  30  70  160    0                8731
  30  70  332  409                 152
  30  70  524  196                1429
  30  70  870  139                  92
  31  69   37   84                1795
  31  69  130  269                  75
  31  69  167  245                2496
  32  72   23  113              221171
  32  72    2  281               18984
  32  72   39  439               17131
  32  72   56  500               26587
  32  72  101  305                 362
  32  72  129  295                 446
  32  72  148  480                 219
  32  72  202  464                 125
  32  72  247  388                 347
  32  72  252  414                 999
  32  72  297   42                3414
  32  72  294  365                 241
  32  72  365  501                 449
  32  72  393  486                 110
  32  72  468   69                1939
  32  72  483  169               14705
  32  72  548  492               58225
  32  72  682  165                 429
  32  72  834   37                1365
  32  72  841  308                 116
  32  72  901  188                9718
  32  72  909  400                 817
  32  72  936   61                 774
  32  72  930  105                3309
  32  72 1009  136                5422
  33  71  774  395                 257
  33  71  911  409                 121
  34  74  817    2              365539
  34  74  817    3                1096
  34  74  817    4                1915
  34  74  817    5               36537
  34  74  817    6               75142
  34  74  988  269                 526
  35  73   28  235               10094
  35  73  290  337                1791
  36  76    9   69                 890
  36  76   42  374                 330
  36  76   75  127                 618
  36  76   94  482                4179
  36  76  155   13                1899
  36  76  226  319               22621
  36  76  244  364                8911
  36  76  259  255                 520
  36  76  269  286                 396
  36  76  311  419                1154
  36  76  345  109                 709
  36  76  347  224               85670
  36  76  367  155                 864
  36  76  421  379                6049
  36  76  466   54                3077
  36  76  452  362                1989
  36  76  568  438                4292
  36  76  753  166                4322
  36  76  768  346               94595
  36  76  812  330                 229
  37  75   21  427                  66
  37  75   31  493                  98
  37  75   74   22                 361
  37  75   64  256                 216
  37  75  235   40                 436
  37  75  341  307                 669
  37  75  646   87                6673
  37  75  809   56                 989
  37  75  985  318                4718
  39  77  542  123              364542
  39  77  690  357                2683
  39  77  841  352                5152
  41  79   81  473                4587
  41  79  450  509                6647
  42  60  390  468                 419
  42  60  561  351                1106
  42  60  698  358                 607
  42  60  826  511                2088
  43  61   48  244                1784
  43  61   77  297                 290
  43  61   99  126                 314
  43  61  280  162                2321
  43  61  272  297                 582
  43  61  306  234                 714
  43  61  369  196                2988
  43  61  632  171                2484
  43  61  955  480                7316
  43  61  962  379                3698
  44  56   41  117                 514
  44  56   58  252                 157
  44  56   63  477                 227
  44  56   88  218                 238
  44  56  216  451                  68
  44  56  237  321              572565
  44  56  271  126                 356
  44  56  272  259                 293
  44  56  287  284                 241
  44  56  259  393                 672
  44  56  283  496                2633
  44  56  326   11                 235
  44  56  380  185                 217
  44  56  454  394                 781
  44  56  499  204                1757
  44  56  532   63                 551
  44  56  542  343                 862
  44  56  625  246                 433
  44  56  639  438                 283
  44  56  621  494                 126
  44  56  640  280               22266
  44  56  741  125                 318
  44  56  786   51                 331
  44  56  805  372                  79
  44  56  806  498                 293
  44  56  880  227                  85
  44  56  895  331                 907
  44  56  888  425                4199
  44  56  910  115                  69
  44  56  971  121                 370
  44  56  964  215                 141
  45  59  283  235                 722
  45  59  358   62                 533
  45  59  520   52                 170
  45  59  526  259                2471
  45  59  742  244               18780
  45  59  773  331               24250
  46  58  934  142               16635
  47  57   23  156                 534
  47  57    8  229                1104
  47  57    9  232                 876
  47  57   24  478                  83
  47  57   22  502                 315
  47  57   37   26                 477
  47  57   40   20                 559
  47  57   50  132                 201
  47  57   40  453                  97
  47  57   90   58                 312
  47  57   90  368                 326
  47  57   77  471                 103
  47  57   87  493                 116
  47  57  112   75                 867
  47  57  151  335                8104
  47  57  168  331               21557
  47  57  180  380                 634
  47  57  212  136                 554
  47  57  254  147               14205
  47  57  285  209                 607
  47  57  287  297                2011
  47  57  333  319                 607
  47  57  351  332                 526
  47  57  387   39                2619
  47  57  424  216                 971
  47  57  430  389                 660
  47  57  416  473                 849
  47  57  448  117                1185
  47  57  470  171                4268
  47  57  451  439              190023
  47  57  489  400                 502
  47  57  515  495                 568
  47  57  549  103                2105
  47  57  546  162                1222
  47  57  582  106                1141
  47  57  600  190                2989
  47  57  620  497                 744
  47  57  677  442                 677
  47  57  757  232                5500
  47  57  794  325                2378
  47  57  800  100                2534
  47  57  804  269                8341
  47  57  824  468                 845
  47  57  875  408               13288
  47  57  917  214                 531
  47  57  927  293                 325
  47  57  960  228                3636
