   0  40   65  253                 259
   0  40  275  397                 238
   0  40  318  215                5872
   0  40  365  210               34582
   0  40  387  456                  23
   0  40  422  446                 164
   0  40  728  106                6562
   0  40  797  184                 497
   0  40 1017   64                1325
   1  39   14   77                 200
   1  39    2  492                1028
   1  39   77   27                  47
   1  39   70  328                 260
   1  39  281  422               15529
   1  39  414  482               18628
   1  39  435  455                 165
   1  39  462  409                  53
   1  39  585   48                 275
   1  39  585  444                  38
   1  39  671   75                1816
   1  39  673  399                 793
   1  39  755  219                  65
   1  39  791  282                3096
   1  39  891  153                1765
   1  39  864  207              102547
   1  39  929   54                 171
   2  42   31  424                  19
   2  42   95   23               18748
   2  42  171  330                 444
   2  42  200   84                2392
   2  42  242  357                 206
   2  42  463  462                3314
   2  42  608  105                1400
   2  42  708  244                 230
   2  42  939  172                4640
   3  41  259  175                 569
   3  41  611  107                1487
   3  41  786  403               41274
   4  44    5  260               23514
   4  44   50  333                3548
   4  44  253    9                 556
   4  44  229  155                  83
   4  44  468  141                2242
   4  44  991  110                 300
   5  43   80    7               15583
   5  43   65  482               22664
   5  43  240  247                  76
   5  43  298  498                  81
   5  43  398  242                 115
   5  43  469   55         1.20699e+06
   5  43  545  229                 182
   5  43  583  139                4920
   5  43  660    1                2013
   5  43  658   95                 284
   5  43  673  161                 161
   5  43  703  412                 133
   5  43  703  414                  76
   5  43  703  415                  66
   5  43  703  416                  44
   5  43  717   20                 139
   5  43  728   74                1491
   5  43  704  413                  48
   5  43  704  415                  67
   5  43  704  416                  44
   5  43  712  505                 171
   5  43  758  201                 141
   5  43  757  276                 498
   5  43  803  338                3214
   5  43  933   55                  63
   5  43  996  223                 306
   6  46   50  273                 122
   6  46   80  383                 675
   6  46  157  419                 873
   6  46  299  242                  98
   6  46  348  128                1115
   6  46  497  267                2176
   6  46  503  333               12050
   6  46  534  388                 143
   6  46  817   67                 551
   6  46  870   36                 117
   6  46  958  348                5327
   7  45  437  254                 114
   7  45  673  297                1647
   7  45  674  297                 661
   9  47  763   11               80157
  10  50    2  131               15446
  10  50   17  315                  62
  10  50   28  389                 894
  10  50   33   53                 174
  10  50  187  500                  99
  10  50  283  263                 176
  10  50  501  507                1795
  10  50  535  118                1288
  10  50  538  437                1135
  10  50  724  166                1598
  10  50  772  184                 926
  10  50  865  422                 185
  10  50 1008  265                 523
  12  52   12  200                4615
  13  51  311  194                3104
  13  51  967  328               18829
  14  54  215  351                1802
  14  54  514    7                2532
  14  54  736   79                1701
  14  54  740  428                3377
  14  54  959  290                 250
  15  53   23   90               25060
  15  53  232  328                1191
  15  53  862    9                1866
  16  38   37  330                 130
  16  38  211   35               10849
  16  38  865  136                4175
  18  36  213   28                2407
  18  36  377  495                1745
  18  36  400  345                1685
  18  36  447  395                 404
  18  36  530  141               96632
  18  36  763  443                1704
  19  37  198  142                8200
  19  37  634  198                4774
  20  32   91  388                  17
  20  32  156  113                  85
  20  32  144  383                  69
  20  32  273  445              178385
  20  32  420  415                  51
  20  32  767   88                  60
  20  32  970  461                1533
  21  35   31  454                  11
  21  35  410  317                 345
  21  35  459  228                 292
  22  34  504  376              219136
  23  33  191   93                1721
  23  33  316  305               31120
  23  33  731  471               39455
  23  33  954   14                 194
  24  64  225  333                 361
  24  64  863  174                  28
  25  63  269   30                 292
  25  63  533  308                 314
  25  63  623  142                  43
  25  63  848  347                1719
  25  63  873   14                  47
  25  63  956  220                 216
  25  63  948  441                1798
  26  66   23  195                 621
  26  66   75  178                  86
  26  66  172  203                 168
  26  66  232   54               24851
  26  66  355  274                  43
  26  66  479  420                 165
  26  66  458  473                  45
  26  66  567  197                 161
  26  66  614   35                 110
  26  66  803  506                  28
  26  66  846  233                 285
  28  68    8  218                5367
  28  68  136  419                1109
  28  68  239  140                 117
  28  68  273  168                 112
  28  68  261  464                  50
  28  68  289  467                2232
  28  68  415  113                2287
  28  68  465  150                 610
  28  68  448  473                 293
  28  68  554  253                2841
  28  68  557  481                  38
  28  68  583  329              115964
  28  68  622   18                3821
  28  68  611  139              190626
  28  68  689  136                8652
  28  68  688  374                  83
  28  68  709    2                  70
  28  68  728  329                  56
  28  68  758  479                 371
  28  68  778   72               14731
  28  68  836   67                7844
  28  68  844  220                1710
  28  68  894   13                 625
  28  68  921  216                  36
  28  68  902  331                 385
  28  68  919  482                 456
  28  68  954  158                1034
  28  68  930  166                 692
  28  68  958  316                3186
  28  68  990  183                 189
  28  68  965  429                  44
  28  68  986  445                 543
  28  68 1005  128                 831
  29  67   96   83                2602
  29  67  138  492               42772
  29  67  291  285                  76
  29  67  672  114                1853
  29  67  694  426                 142
  29  67  716  458                  67
  29  67  991  425                 351
  30  70  160    0                6189
  30  70  332  409                 153
  30  70  524  196                1189
  30  70  870  139                  54
  31  69   37   84                1807
  31  69  130  269                  56
  31  69  167  245                2056
  32  72   23  113              181918
  32  72    2  281               15277
  32  72   39  439               13189
  32  72   56  500               22003
  32  72  101  305                 242
  32  72  129  295                 364
  32  72  148  480                 168
  32  72  202  464                  82
  32  72  247  388                 283
  32  72  252  414                 589
  32  72  297   42                2837
  32  72  294  365                 172
  32  72  365  501                 268
  32  72  468   69                1480
  32  72  483  169               10497
  32  72  548  492               43028
  32  72  682  165                 323
  32  72  834   37                1064
  32  72  841  308                  77
  32  72  901  188                8106
  32  72  909  400                 694
  32  72  936   61                 522
  32  72  930  105                2698
  32  72 1009  136                4439
  33  71  774  395                 173
  33  71  911  409                 102
  34  74  817    2              281866
  34  74  817    3                 654
  34  74  817    4                1375
  34  74  817    5               23771
  34  74  817    6               52976
  34  74  988  269                 450
  35  73   28  235                8125
  35  73  290  337                1445
  36  76    9   69                 803
  36  76   42  374                 298
  36  76   75  127                 479
  36  76  155   13                1517
  36  76  226  319               16593
  36  76  244  364                7371
  36  76  259  255                 427
  36  76  311  419                 979
  36  76  345  109                 883
  36  76  347  224               69688
  36  76  367  155                 617
  36  76  421  379                5427
  36  76  466   54                2501
  36  76  452  362                1616
  36  76  568  438                3800
  36  76  753  166                3680
  36  76  768  346               78169
  36  76 1022   56                 103
  37  75   31  493                  84
  37  75   74   22                 278
  37  75   64  256                 197
  37  75  235   40                 335
  37  75  341  307                 461
  37  75  646   87                5337
  37  75  723  411                 229
  37  75  809   56                 807
  37  75  985  318                3873
  39  77  542  123              298667
  39  77  690  357                2106
  39  77  841  352                4390
  41  79   81  473                3703
  41  79  450  509                5512
  42  60  230  423                 321
  42  60  390  468                 371
  42  60  561  351                 848
  42  60  691  367                1721
  42  60  698  358                 448
  42  60  826  511                1664
  42  60  905  233                 196
  43  61   48  244                1462
  43  61   77  297                 232
  43  61   99  126                 281
  43  61  280  162                1868
  43  61  272  297                 410
  43  61  306  234                 526
  43  61  369  196                2336
  43  61  632  171                1893
  43  61  955  480                5979
  43  61  962  379                3004
  44  56   41  117                 432
  44  56   63  477                 195
  44  56   88  218                 183
  44  56   76  358                  50
  44  56  216  451                  66
  44  56  237  321              462471
  44  56  271  126                 305
  44  56  272  259                 237
  44  56  287  284                 224
  44  56  259  393                 581
  44  56  283  496                2280
  44  56  326   11                 219
  44  56  380  185                 198
  44  56  454  394                 590
  44  56  499  204                1544
  44  56  532   63                 441
  44  56  542  343                 798
  44  56  625  246                 321
  44  56  639  438                 250
  44  56  621  494                 135
  44  56  640  280               18943
  44  56  741  125                 270
  44  56  786   51                 270
  44  56  805  372                  68
  44  56  806  498                 257
  44  56  880  227                  81
  44  56  895  331                 769
  44  56  888  425                3424
  44  56  971  121                 284
  44  56  964  215                 133
  45  59  283  235                 783
  45  59  358   62                 443
  45  59  520   52                 138
  45  59  526  259                1995
  45  59  742  244               15704
  45  59  773  331               14155
  46  58  934  142               14159
  47  57   23  156                 397
  47  57    8  229                 951
  47  57    9  232                 692
  47  57   24  478                  75
  47  57   22  502                 202
  47  57   37   26                 392
  47  57   40   20                 446
  47  57   50  132                 182
  47  57   40  453                  83
  47  57   90   58                 275
  47  57   90  368                 305
  47  57   77  471                  89
  47  57   87  493                  83
  47  57  112   75                 768
  47  57  151  335                6714
  47  57  158  399                 113
  47  57  168  331               17329
  47  57  180  380                 610
  47  57  254  147               11822
  47  57  285  209                 432
  47  57  287  297                1558
  47  57  333  319                 465
  47  57  351  332                 474
  47  57  387   39                2084
  47  57  424  216                 682
  47  57  430  389                 472
  47  57  416  473                 748
  47  57  448  117                 821
  47  57  470  171                3403
  47  57  451  439              155619
  47  57  515  495                 489
  47  57  549  103                1666
  47  57  546  162                 839
  47  57  582  106                 854
  47  57  600  190                2302
  47  57  620  497                 608
  47  57  695  139                 572
  47  57  677  442                 589
  47  57  757  232                4553
  47  57  794  325                1983
  47  57  800  100                2327
  47  57  804  269                7021
  47  57  824  468                 703
  47  57  875  408                9432
  47  57  917  214                 487
  47  57  927  293                 285
  47  57  960  228                2945
