   0  40   65  253                 507
   0  40  275  397                 509
   0  40  318  215                5141
   0  40  365  210               67598
   0  40  387  456                  60
   0  40  422  446                 326
   0  40  728  106               14036
   0  40  797  184                1008
   0  40 1017   64                2699
   1  39   14   77                 476
   1  39    2  492                2167
   1  39   77   27                  86
   1  39   70  328                 424
   1  39  281  422               30712
   1  39  414  482               36996
   1  39  435  455                 337
   1  39  462  409                 116
   1  39  585   48                 644
   1  39  585  444                  57
   1  39  671   75                2493
   1  39  673  399                1556
   1  39  755  219                 132
   1  39  791  282                6107
   1  39  891  153                3532
   1  39  864  207              197681
   1  39  929   54                 325
   2  42    2  277                  90
   2  42   31  424                  44
   2  42   95   23               36980
   2  42  171  330                 918
   2  42  200   84                4599
   2  42  242  357                 426
   2  42  463  462                6819
   2  42  608  105                2871
   2  42  708  244                 416
   2  42  939  172               10667
   3  41  163  501                  59
   3  41  259  175                1116
   3  41  611  107                3054
   3  41  685  347                  82
   3  41  786  403               79683
   4  44    5  260               45707
   4  44   50  333                7197
   4  44  253    9                1126
   4  44  229  155                 227
   4  44  468  141                4448
   4  44  991  110                 522
   5  43   80    7               30995
   5  43   65  482               49856
   5  43  240  247                 173
   5  43  298  498                 169
   5  43  398  242                 228
   5  43  469   55         2.32246e+06
   5  43  500  254                 202
   5  43  545  229                 374
   5  43  583  139               10224
   5  43  660    1                3963
   5  43  658   95                 647
   5  43  673  161                 336
   5  43  703  412                 256
   5  43  703  413                 117
   5  43  703  414                 152
   5  43  703  415                 113
   5  43  717   20                 355
   5  43  728   74                1530
   5  43  704  415                 108
   5  43  712  505                 352
   5  43  758  201                 372
   5  43  757  276                1270
   5  43  803  338                6294
   5  43  933   55                 169
   5  43  996  223                 557
   5  43 1002  466                  41
   6  46   50  273                 256
   6  46   80  383                1337
   6  46  157  419                1739
   6  46  299  242                 252
   6  46  348  128                2261
   6  46  497  267                4198
   6  46  503  333               23820
   6  46  534  388                 306
   6  46  817   67                1363
   6  46  870   36                 239
   6  46  958  348               12819
   7  45  242  496                 100
   7  45  673  297                2417
   7  45  674  297                1298
   8  48  245  489              124410
   9  47  721  489                 196
   9  47  763   11              155413
  10  50    2  131               29862
  10  50   17  315                 138
  10  50   28  389                1826
  10  50   33   53                 464
  10  50   61  116                 175
  10  50  187  500                 182
  10  50  501  507                3588
  10  50  535  118                2807
  10  50  538  437                2242
  10  50  724  166                2410
  10  50  772  184                2191
  10  50  865  422                 272
  10  50 1008  265                 943
  12  52   12  200                9565
  13  51   50  438                 154
  13  51  311  194                6142
  13  51  967  328               36489
  14  54  215  351                3595
  14  54  514    7                5872
  14  54  736   79                3713
  14  54  740  428                7147
  14  54  959  290                 461
  15  53   23   90               48326
  15  53   66  333                 320
  15  53  232  328                2726
  15  53  862    9                3769
  15  53  999  218                 138
  16  38  211   35               13911
  16  38  865  136                8007
  18  36  213   28                4888
  18  36  377  495               12986
  18  36  400  345                3281
  18  36  530  141              191341
  18  36  763  443                3470
  19  37  198  142               16640
  19  37  634  198                9474
  19  37  941  331                 131
  20  32   91  388                  34
  20  32   99  201                  28
  20  32  156  113                 164
  20  32  144  383                 138
  20  32  286  259                  48
  20  32  273  445              344578
  20  32  420  415                  92
  20  32  767   88                 114
  20  32  970  461                3340
  21  35  410  317                 473
  21  35  459  228                 577
  22  34  504  376              420233
  22  34  933  129                 199
  23  33  191   93                3454
  23  33  316  305               60424
  23  33  731  471               76412
  23  33  954   14                 336
  24  64  225  333                 708
  24  64  863  174                  35
  25  63  269   30                 563
  25  63  533  308                 603
  25  63  623  142                 108
  25  63  848  347                3276
  25  63  873   14                  90
  25  63  956  220                 454
  25  63  948  441                3499
  26  66   23  195                1315
  26  66   75  178                 188
  26  66  172  203                 315
  26  66  232   54               66423
  26  66  355  274                  97
  26  66  479  420                 286
  26  66  458  473                 103
  26  66  567  197                 337
  26  66  614   35                 240
  26  66  803  506                  71
  26  66  846  233                 382
  28  68    8  218                8725
  28  68   10  262                  73
  28  68  136  419                2085
  28  68  239  140                 220
  28  68  273  168                 258
  28  68  261  464                  86
  28  68  289  467                4433
  28  68  415  113                4672
  28  68  465  150                1180
  28  68  448  473                 610
  28  68  554  253                8815
  28  68  557  481                  95
  28  68  583  329              219092
  28  68  622   18                7670
  28  68  611  139              367340
  28  68  689  136               16794
  28  68  672  174                 161
  28  68  688  374                 176
  28  68  709    2                 218
  28  68  728  329                 145
  28  68  758  479                 699
  28  68  778   72               30783
  28  68  836   67               15388
  28  68  844  220                3239
  28  68  894   13                1355
  28  68  906   45                  81
  28  68  921  216                  73
  28  68  902  331                 767
  28  68  919  482                 959
  28  68  954  158                2237
  28  68  930  166                1564
  28  68  958  316                6133
  28  68  990  183                 375
  28  68  965  429                  86
  28  68  986  445                1308
  28  68 1005  128                1703
  29  67   96   83                5269
  29  67  129  262                  68
  29  67  138  492               84130
  29  67  291  285                 196
  29  67  672  114                3664
  29  67  694  426                 339
  29  67  716  458                 113
  29  67  991  425                 683
  30  70  160    0               12173
  30  70  332  409                 317
  30  70  524  196                2653
  30  70  870  139                 142
  31  69   37   84                3724
  31  69  130  269                 166
  31  69  167  245                3879
  32  72   23  113              350658
  32  72    2  281               30285
  32  72   39  439               25840
  32  72   56  500               41864
  32  72  101  305                 541
  32  72  129  295                 749
  32  72  148  480                 367
  32  72  202  464                 186
  32  72  247  388                 549
  32  72  252  414                1319
  32  72  297   42                5430
  32  72  294  365                 408
  32  72  365  501                 732
  32  72  393  486                 148
  32  72  468   69                3023
  32  72  483  169               23167
  32  72  548  492               87642
  32  72  682  165                 763
  32  72  834   37                2234
  32  72  841  308                 222
  32  72  901  188               15429
  32  72  909  400                1387
  32  72  936   61                1155
  32  72  930  105                5261
  32  72 1009  136                8496
  33  71  774  395                 335
  33  71  911  409                 227
  34  74  817    2              441046
  34  74  817    3                1339
  34  74  817    4                2095
  34  74  817    5               23811
  34  74  817    6               69981
  34  74  988  269                 851
  35  73   28  235               16417
  35  73  290  337                2768
  36  76    9   69                1339
  36  76   42  374                 535
  36  76   75  127                 981
  36  76   94  482                8561
  36  76  155   13                2971
  36  76  226  319               31078
  36  76  244  364               14815
  36  76  259  255                 853
  36  76  311  419                1888
  36  76  345  109                2040
  36  76  347  224              154281
  36  76  367  155                1672
  36  76  421  379               11504
  36  76  433  419                 497
  36  76  466   54                6395
  36  76  452  362                3520
  36  76  568  438                8095
  36  76  753  166                7748
  36  76  768  346              153612
  36  76 1022   56                 163
  37  75   21  427                 100
  37  75   31  493                 182
  37  75   74   22                 554
  37  75   64  256                 347
  37  75  235   40                 851
  37  75  341  307                1157
  37  75  637   41                1275
  37  75  646   87                9510
  37  75  723  411                 535
  37  75  809   56                1703
  37  75  985  318                7689
  39  77  542  123              580750
  39  77  690  357                4203
  39  77  841  352                8533
  41  79   81  473                6805
  41  79  450  509               10452
  42  60  230  423                 579
  42  60  390  468                 602
  42  60  561  351                1697
  42  60  691  367                1907
  42  60  698  358                 948
  42  60  826  511                3320
  42  60  905  233                 332
  43  61   48  244                2864
  43  61   77  297                 479
  43  61   99  126                 496
  43  61  280  162                3850
  43  61  272  297                 946
  43  61  306  234                1361
  43  61  369  196                4939
  43  61  632  171                4057
  43  61  955  480               11502
  43  61  962  379                6007
  44  56   41  117                 793
  44  56   58  252                 138
  44  56   63  477                 370
  44  56   72   63                 221
  44  56   88  218                 427
  44  56   76  358                  58
  44  56  216  451                  68
  44  56  237  321              895794
  44  56  271  126                 573
  44  56  272  259                 501
  44  56  287  284                 493
  44  56  259  393                1147
  44  56  283  496                5190
  44  56  326   11                 355
  44  56  380  185                 318
  44  56  454  394                1281
  44  56  499  204                3438
  44  56  532   63                 809
  44  56  542  343                1523
  44  56  625  246                 635
  44  56  639  438                 440
  44  56  621  494                 190
  44  56  640  280               37444
  44  56  741  125                 479
  44  56  786   51                 511
  44  56  805  372                 132
  44  56  806  498                 480
  44  56  880  227                 111
  44  56  895  331                1342
  44  56  888  425                6701
  44  56  910  115                  83
  44  56  971  121                 550
  44  56  964  215                 223
  45  59  283  235                1634
  45  59  358   62                 972
  45  59  520   52                 246
  45  59  526  259                3936
  45  59  742  244               31044
  45  59  773  331               30611
  46  58  934  142               31209
  47  57   23  156                 420
  47  57   22  208                  87
  47  57    8  229                2108
  47  57    9  232                1405
  47  57   24  478                 143
  47  57   22  502                 397
  47  57   37   26                 802
  47  57   40   20                 769
  47  57   50  132                 335
  47  57   40  453                 140
  47  57   90   58                 393
  47  57   90  368                 529
  47  57   77  471                 152
  47  57   87  493                 196
  47  57  112   75                1019
  47  57  151  335               13284
  47  57  158  399                 164
  47  57  168  331               33786
  47  57  180  380                 969
  47  57  212  109                4170
  47  57  212  136                 848
  47  57  254  147               22740
  47  57  285  209                 985
  47  57  287  297                3210
  47  57  333  319                1059
  47  57  351  332                 911
  47  57  387   39                4609
  47  57  424  216                1736
  47  57  430  389                1206
  47  57  416  473                1403
  47  57  448  117                1952
  47  57  470  171                6837
  47  57  451  439              301823
  47  57  489  400                 831
  47  57  515  495                 907
  47  57  549  103                4014
  47  57  546  162                1835
  47  57  582  106                1745
  47  57  600  190                3631
  47  57  620  497                 966
  47  57  677  442                1093
  47  57  757  232                8625
  47  57  794  325                3773
  47  57  800  100                4170
  47  57  804  269               13171
  47  57  824  468                1368
  47  57  851  168                 732
  47  57  875  408               13478
  47  57  917  214                 855
  47  57  927  293                 591
  47  57  973   62                 325
  47  57  960  228                5816
